Attribute names:	P0	P1	P2	P3
Minor allele frequencies:	0.200	0.200	0.200	0.200
x: 0.903292283460746
y: 0.107061377928240
Prevalence: 0.950833982590259
Heritability: 0.0500000000000000

Table:

0.903292283460746, 1.00000000000000, 0.903292283460746
1.00000000000000, 0.903292283460746, 1.00000000000000
0.903292283460746, 1.00000000000000, 0.903292283460746

1.00000000000000, 0.903292283460746, 1.00000000000000
0.903292283460746, 1.00000000000000, 0.903292283460746
1.00000000000000, 0.903292283460746, 1.00000000000000

0.903292283460746, 1.00000000000000, 0.903292283460746
1.00000000000000, 0.903292283460746, 1.00000000000000
0.903292283460746, 1.00000000000000, 0.903292283460746

1.00000000000000, 0.903292283460746, 1.00000000000000
0.903292283460746, 1.00000000000000, 0.903292283460746
1.00000000000000, 0.903292283460746, 1.00000000000000

0.903292283460746, 1.00000000000000, 0.903292283460746
1.00000000000000, 0.903292283460746, 1.00000000000000
0.903292283460746, 1.00000000000000, 0.903292283460746

1.00000000000000, 0.903292283460746, 1.00000000000000
0.903292283460746, 1.00000000000000, 0.903292283460746
1.00000000000000, 0.903292283460746, 1.00000000000000

0.903292283460746, 1.00000000000000, 0.903292283460746
1.00000000000000, 0.903292283460746, 1.00000000000000
0.903292283460746, 1.00000000000000, 0.903292283460746

1.00000000000000, 0.903292283460746, 1.00000000000000
0.903292283460746, 1.00000000000000, 0.903292283460746
1.00000000000000, 0.903292283460746, 1.00000000000000

0.903292283460746, 1.00000000000000, 0.903292283460746
1.00000000000000, 0.903292283460746, 1.00000000000000
0.903292283460746, 1.00000000000000, 0.903292283460746
 