Attribute names:	P0	P1	P2	P3	P4
Minor allele frequencies:	0.050	0.050	0.050	0.050	0.050
x: 0.860870626356882
y: 0.161614729767119
Prevalence: 0.906179606691455
Heritability: 0.0500000000000000

Table:

0.860870626356882, 1.00000000000000, 0.860870626356882
1.00000000000000, 0.860870626356882, 1.00000000000000
0.860870626356882, 1.00000000000000, 0.860870626356882

1.00000000000000, 0.860870626356882, 1.00000000000000
0.860870626356882, 1.00000000000000, 0.860870626356882
1.00000000000000, 0.860870626356882, 1.00000000000000

0.860870626356882, 1.00000000000000, 0.860870626356882
1.00000000000000, 0.860870626356882, 1.00000000000000
0.860870626356882, 1.00000000000000, 0.860870626356882

1.00000000000000, 0.860870626356882, 1.00000000000000
0.860870626356882, 1.00000000000000, 0.860870626356882
1.00000000000000, 0.860870626356882, 1.00000000000000

0.860870626356882, 1.00000000000000, 0.860870626356882
1.00000000000000, 0.860870626356882, 1.00000000000000
0.860870626356882, 1.00000000000000, 0.860870626356882

1.00000000000000, 0.860870626356882, 1.00000000000000
0.860870626356882, 1.00000000000000, 0.860870626356882
1.00000000000000, 0.860870626356882, 1.00000000000000

0.860870626356882, 1.00000000000000, 0.860870626356882
1.00000000000000, 0.860870626356882, 1.00000000000000
0.860870626356882, 1.00000000000000, 0.860870626356882

1.00000000000000, 0.860870626356882, 1.00000000000000
0.860870626356882, 1.00000000000000, 0.860870626356882
1.00000000000000, 0.860870626356882, 1.00000000000000

0.860870626356882, 1.00000000000000, 0.860870626356882
1.00000000000000, 0.860870626356882, 1.00000000000000
0.860870626356882, 1.00000000000000, 0.860870626356882

1.00000000000000, 0.860870626356882, 1.00000000000000
0.860870626356882, 1.00000000000000, 0.860870626356882
1.00000000000000, 0.860870626356882, 1.00000000000000

0.860870626356882, 1.00000000000000, 0.860870626356882
1.00000000000000, 0.860870626356882, 1.00000000000000
0.860870626356882, 1.00000000000000, 0.860870626356882

1.00000000000000, 0.860870626356882, 1.00000000000000
0.860870626356882, 1.00000000000000, 0.860870626356882
1.00000000000000, 0.860870626356882, 1.00000000000000

0.860870626356882, 1.00000000000000, 0.860870626356882
1.00000000000000, 0.860870626356882, 1.00000000000000
0.860870626356882, 1.00000000000000, 0.860870626356882

1.00000000000000, 0.860870626356882, 1.00000000000000
0.860870626356882, 1.00000000000000, 0.860870626356882
1.00000000000000, 0.860870626356882, 1.00000000000000

0.860870626356882, 1.00000000000000, 0.860870626356882
1.00000000000000, 0.860870626356882, 1.00000000000000
0.860870626356882, 1.00000000000000, 0.860870626356882

1.00000000000000, 0.860870626356882, 1.00000000000000
0.860870626356882, 1.00000000000000, 0.860870626356882
1.00000000000000, 0.860870626356882, 1.00000000000000

0.860870626356882, 1.00000000000000, 0.860870626356882
1.00000000000000, 0.860870626356882, 1.00000000000000
0.860870626356882, 1.00000000000000, 0.860870626356882

1.00000000000000, 0.860870626356882, 1.00000000000000
0.860870626356882, 1.00000000000000, 0.860870626356882
1.00000000000000, 0.860870626356882, 1.00000000000000

0.860870626356882, 1.00000000000000, 0.860870626356882
1.00000000000000, 0.860870626356882, 1.00000000000000
0.860870626356882, 1.00000000000000, 0.860870626356882

1.00000000000000, 0.860870626356882, 1.00000000000000
0.860870626356882, 1.00000000000000, 0.860870626356882
1.00000000000000, 0.860870626356882, 1.00000000000000

0.860870626356882, 1.00000000000000, 0.860870626356882
1.00000000000000, 0.860870626356882, 1.00000000000000
0.860870626356882, 1.00000000000000, 0.860870626356882

1.00000000000000, 0.860870626356882, 1.00000000000000
0.860870626356882, 1.00000000000000, 0.860870626356882
1.00000000000000, 0.860870626356882, 1.00000000000000

0.860870626356882, 1.00000000000000, 0.860870626356882
1.00000000000000, 0.860870626356882, 1.00000000000000
0.860870626356882, 1.00000000000000, 0.860870626356882

1.00000000000000, 0.860870626356882, 1.00000000000000
0.860870626356882, 1.00000000000000, 0.860870626356882
1.00000000000000, 0.860870626356882, 1.00000000000000

0.860870626356882, 1.00000000000000, 0.860870626356882
1.00000000000000, 0.860870626356882, 1.00000000000000
0.860870626356882, 1.00000000000000, 0.860870626356882

1.00000000000000, 0.860870626356882, 1.00000000000000
0.860870626356882, 1.00000000000000, 0.860870626356882
1.00000000000000, 0.860870626356882, 1.00000000000000

0.860870626356882, 1.00000000000000, 0.860870626356882
1.00000000000000, 0.860870626356882, 1.00000000000000
0.860870626356882, 1.00000000000000, 0.860870626356882
 