Attribute names:	P0	P1	P2	P3	P4
Minor allele frequencies:	0.500	0.500	0.500	0.500	0.500
x: 0.980198019801980
y: 0.0202020202020202
Prevalence: 0.990099009900990
Heritability: 0.0100000000000000

Table:

0.980198019801980, 1.00000000000000, 0.980198019801980
1.00000000000000, 0.980198019801980, 1.00000000000000
0.980198019801980, 1.00000000000000, 0.980198019801980

1.00000000000000, 0.980198019801980, 1.00000000000000
0.980198019801980, 1.00000000000000, 0.980198019801980
1.00000000000000, 0.980198019801980, 1.00000000000000

0.980198019801980, 1.00000000000000, 0.980198019801980
1.00000000000000, 0.980198019801980, 1.00000000000000
0.980198019801980, 1.00000000000000, 0.980198019801980

1.00000000000000, 0.980198019801980, 1.00000000000000
0.980198019801980, 1.00000000000000, 0.980198019801980
1.00000000000000, 0.980198019801980, 1.00000000000000

0.980198019801980, 1.00000000000000, 0.980198019801980
1.00000000000000, 0.980198019801980, 1.00000000000000
0.980198019801980, 1.00000000000000, 0.980198019801980

1.00000000000000, 0.980198019801980, 1.00000000000000
0.980198019801980, 1.00000000000000, 0.980198019801980
1.00000000000000, 0.980198019801980, 1.00000000000000

0.980198019801980, 1.00000000000000, 0.980198019801980
1.00000000000000, 0.980198019801980, 1.00000000000000
0.980198019801980, 1.00000000000000, 0.980198019801980

1.00000000000000, 0.980198019801980, 1.00000000000000
0.980198019801980, 1.00000000000000, 0.980198019801980
1.00000000000000, 0.980198019801980, 1.00000000000000

0.980198019801980, 1.00000000000000, 0.980198019801980
1.00000000000000, 0.980198019801980, 1.00000000000000
0.980198019801980, 1.00000000000000, 0.980198019801980

1.00000000000000, 0.980198019801980, 1.00000000000000
0.980198019801980, 1.00000000000000, 0.980198019801980
1.00000000000000, 0.980198019801980, 1.00000000000000

0.980198019801980, 1.00000000000000, 0.980198019801980
1.00000000000000, 0.980198019801980, 1.00000000000000
0.980198019801980, 1.00000000000000, 0.980198019801980

1.00000000000000, 0.980198019801980, 1.00000000000000
0.980198019801980, 1.00000000000000, 0.980198019801980
1.00000000000000, 0.980198019801980, 1.00000000000000

0.980198019801980, 1.00000000000000, 0.980198019801980
1.00000000000000, 0.980198019801980, 1.00000000000000
0.980198019801980, 1.00000000000000, 0.980198019801980

1.00000000000000, 0.980198019801980, 1.00000000000000
0.980198019801980, 1.00000000000000, 0.980198019801980
1.00000000000000, 0.980198019801980, 1.00000000000000

0.980198019801980, 1.00000000000000, 0.980198019801980
1.00000000000000, 0.980198019801980, 1.00000000000000
0.980198019801980, 1.00000000000000, 0.980198019801980

1.00000000000000, 0.980198019801980, 1.00000000000000
0.980198019801980, 1.00000000000000, 0.980198019801980
1.00000000000000, 0.980198019801980, 1.00000000000000

0.980198019801980, 1.00000000000000, 0.980198019801980
1.00000000000000, 0.980198019801980, 1.00000000000000
0.980198019801980, 1.00000000000000, 0.980198019801980

1.00000000000000, 0.980198019801980, 1.00000000000000
0.980198019801980, 1.00000000000000, 0.980198019801980
1.00000000000000, 0.980198019801980, 1.00000000000000

0.980198019801980, 1.00000000000000, 0.980198019801980
1.00000000000000, 0.980198019801980, 1.00000000000000
0.980198019801980, 1.00000000000000, 0.980198019801980

1.00000000000000, 0.980198019801980, 1.00000000000000
0.980198019801980, 1.00000000000000, 0.980198019801980
1.00000000000000, 0.980198019801980, 1.00000000000000

0.980198019801980, 1.00000000000000, 0.980198019801980
1.00000000000000, 0.980198019801980, 1.00000000000000
0.980198019801980, 1.00000000000000, 0.980198019801980

1.00000000000000, 0.980198019801980, 1.00000000000000
0.980198019801980, 1.00000000000000, 0.980198019801980
1.00000000000000, 0.980198019801980, 1.00000000000000

0.980198019801980, 1.00000000000000, 0.980198019801980
1.00000000000000, 0.980198019801980, 1.00000000000000
0.980198019801980, 1.00000000000000, 0.980198019801980

1.00000000000000, 0.980198019801980, 1.00000000000000
0.980198019801980, 1.00000000000000, 0.980198019801980
1.00000000000000, 0.980198019801980, 1.00000000000000

0.980198019801980, 1.00000000000000, 0.980198019801980
1.00000000000000, 0.980198019801980, 1.00000000000000
0.980198019801980, 1.00000000000000, 0.980198019801980

1.00000000000000, 0.980198019801980, 1.00000000000000
0.980198019801980, 1.00000000000000, 0.980198019801980
1.00000000000000, 0.980198019801980, 1.00000000000000

0.980198019801980, 1.00000000000000, 0.980198019801980
1.00000000000000, 0.980198019801980, 1.00000000000000
0.980198019801980, 1.00000000000000, 0.980198019801980
 