Attribute names:	P0	P1	P2	P3	P4
Minor allele frequencies:	0.100	0.100	0.100	0.100	0.100
x: 0.640966012778880
y: 0.560145124800836
Prevalence: 0.801207515973600
Heritability: 0.200000000000000

Table:

0.640966012778880, 1.00000000000000, 0.640966012778880
1.00000000000000, 0.640966012778880, 1.00000000000000
0.640966012778880, 1.00000000000000, 0.640966012778880

1.00000000000000, 0.640966012778880, 1.00000000000000
0.640966012778880, 1.00000000000000, 0.640966012778880
1.00000000000000, 0.640966012778880, 1.00000000000000

0.640966012778880, 1.00000000000000, 0.640966012778880
1.00000000000000, 0.640966012778880, 1.00000000000000
0.640966012778880, 1.00000000000000, 0.640966012778880

1.00000000000000, 0.640966012778880, 1.00000000000000
0.640966012778880, 1.00000000000000, 0.640966012778880
1.00000000000000, 0.640966012778880, 1.00000000000000

0.640966012778880, 1.00000000000000, 0.640966012778880
1.00000000000000, 0.640966012778880, 1.00000000000000
0.640966012778880, 1.00000000000000, 0.640966012778880

1.00000000000000, 0.640966012778880, 1.00000000000000
0.640966012778880, 1.00000000000000, 0.640966012778880
1.00000000000000, 0.640966012778880, 1.00000000000000

0.640966012778880, 1.00000000000000, 0.640966012778880
1.00000000000000, 0.640966012778880, 1.00000000000000
0.640966012778880, 1.00000000000000, 0.640966012778880

1.00000000000000, 0.640966012778880, 1.00000000000000
0.640966012778880, 1.00000000000000, 0.640966012778880
1.00000000000000, 0.640966012778880, 1.00000000000000

0.640966012778880, 1.00000000000000, 0.640966012778880
1.00000000000000, 0.640966012778880, 1.00000000000000
0.640966012778880, 1.00000000000000, 0.640966012778880

1.00000000000000, 0.640966012778880, 1.00000000000000
0.640966012778880, 1.00000000000000, 0.640966012778880
1.00000000000000, 0.640966012778880, 1.00000000000000

0.640966012778880, 1.00000000000000, 0.640966012778880
1.00000000000000, 0.640966012778880, 1.00000000000000
0.640966012778880, 1.00000000000000, 0.640966012778880

1.00000000000000, 0.640966012778880, 1.00000000000000
0.640966012778880, 1.00000000000000, 0.640966012778880
1.00000000000000, 0.640966012778880, 1.00000000000000

0.640966012778880, 1.00000000000000, 0.640966012778880
1.00000000000000, 0.640966012778880, 1.00000000000000
0.640966012778880, 1.00000000000000, 0.640966012778880

1.00000000000000, 0.640966012778880, 1.00000000000000
0.640966012778880, 1.00000000000000, 0.640966012778880
1.00000000000000, 0.640966012778880, 1.00000000000000

0.640966012778880, 1.00000000000000, 0.640966012778880
1.00000000000000, 0.640966012778880, 1.00000000000000
0.640966012778880, 1.00000000000000, 0.640966012778880

1.00000000000000, 0.640966012778880, 1.00000000000000
0.640966012778880, 1.00000000000000, 0.640966012778880
1.00000000000000, 0.640966012778880, 1.00000000000000

0.640966012778880, 1.00000000000000, 0.640966012778880
1.00000000000000, 0.640966012778880, 1.00000000000000
0.640966012778880, 1.00000000000000, 0.640966012778880

1.00000000000000, 0.640966012778880, 1.00000000000000
0.640966012778880, 1.00000000000000, 0.640966012778880
1.00000000000000, 0.640966012778880, 1.00000000000000

0.640966012778880, 1.00000000000000, 0.640966012778880
1.00000000000000, 0.640966012778880, 1.00000000000000
0.640966012778880, 1.00000000000000, 0.640966012778880

1.00000000000000, 0.640966012778880, 1.00000000000000
0.640966012778880, 1.00000000000000, 0.640966012778880
1.00000000000000, 0.640966012778880, 1.00000000000000

0.640966012778880, 1.00000000000000, 0.640966012778880
1.00000000000000, 0.640966012778880, 1.00000000000000
0.640966012778880, 1.00000000000000, 0.640966012778880

1.00000000000000, 0.640966012778880, 1.00000000000000
0.640966012778880, 1.00000000000000, 0.640966012778880
1.00000000000000, 0.640966012778880, 1.00000000000000

0.640966012778880, 1.00000000000000, 0.640966012778880
1.00000000000000, 0.640966012778880, 1.00000000000000
0.640966012778880, 1.00000000000000, 0.640966012778880

1.00000000000000, 0.640966012778880, 1.00000000000000
0.640966012778880, 1.00000000000000, 0.640966012778880
1.00000000000000, 0.640966012778880, 1.00000000000000

0.640966012778880, 1.00000000000000, 0.640966012778880
1.00000000000000, 0.640966012778880, 1.00000000000000
0.640966012778880, 1.00000000000000, 0.640966012778880

1.00000000000000, 0.640966012778880, 1.00000000000000
0.640966012778880, 1.00000000000000, 0.640966012778880
1.00000000000000, 0.640966012778880, 1.00000000000000

0.640966012778880, 1.00000000000000, 0.640966012778880
1.00000000000000, 0.640966012778880, 1.00000000000000
0.640966012778880, 1.00000000000000, 0.640966012778880
 