Attribute names:	P0	P1	P2	P3	P4	P5
Minor allele frequencies:	0.050	0.050	0.050	0.050	0.050	0.050
x: 0.972617547214380
y: 0.0281533608601287
Prevalence: 0.982441966883212
Heritability: 0.0100000000000000

Table:

0.972617547214380, 1.00000000000000, 0.972617547214380
1.00000000000000, 0.972617547214380, 1.00000000000000
0.972617547214380, 1.00000000000000, 0.972617547214380

1.00000000000000, 0.972617547214380, 1.00000000000000
0.972617547214380, 1.00000000000000, 0.972617547214380
1.00000000000000, 0.972617547214380, 1.00000000000000

0.972617547214380, 1.00000000000000, 0.972617547214380
1.00000000000000, 0.972617547214380, 1.00000000000000
0.972617547214380, 1.00000000000000, 0.972617547214380

1.00000000000000, 0.972617547214380, 1.00000000000000
0.972617547214380, 1.00000000000000, 0.972617547214380
1.00000000000000, 0.972617547214380, 1.00000000000000

0.972617547214380, 1.00000000000000, 0.972617547214380
1.00000000000000, 0.972617547214380, 1.00000000000000
0.972617547214380, 1.00000000000000, 0.972617547214380

1.00000000000000, 0.972617547214380, 1.00000000000000
0.972617547214380, 1.00000000000000, 0.972617547214380
1.00000000000000, 0.972617547214380, 1.00000000000000

0.972617547214380, 1.00000000000000, 0.972617547214380
1.00000000000000, 0.972617547214380, 1.00000000000000
0.972617547214380, 1.00000000000000, 0.972617547214380

1.00000000000000, 0.972617547214380, 1.00000000000000
0.972617547214380, 1.00000000000000, 0.972617547214380
1.00000000000000, 0.972617547214380, 1.00000000000000

0.972617547214380, 1.00000000000000, 0.972617547214380
1.00000000000000, 0.972617547214380, 1.00000000000000
0.972617547214380, 1.00000000000000, 0.972617547214380

1.00000000000000, 0.972617547214380, 1.00000000000000
0.972617547214380, 1.00000000000000, 0.972617547214380
1.00000000000000, 0.972617547214380, 1.00000000000000

0.972617547214380, 1.00000000000000, 0.972617547214380
1.00000000000000, 0.972617547214380, 1.00000000000000
0.972617547214380, 1.00000000000000, 0.972617547214380

1.00000000000000, 0.972617547214380, 1.00000000000000
0.972617547214380, 1.00000000000000, 0.972617547214380
1.00000000000000, 0.972617547214380, 1.00000000000000

0.972617547214380, 1.00000000000000, 0.972617547214380
1.00000000000000, 0.972617547214380, 1.00000000000000
0.972617547214380, 1.00000000000000, 0.972617547214380

1.00000000000000, 0.972617547214380, 1.00000000000000
0.972617547214380, 1.00000000000000, 0.972617547214380
1.00000000000000, 0.972617547214380, 1.00000000000000

0.972617547214380, 1.00000000000000, 0.972617547214380
1.00000000000000, 0.972617547214380, 1.00000000000000
0.972617547214380, 1.00000000000000, 0.972617547214380

1.00000000000000, 0.972617547214380, 1.00000000000000
0.972617547214380, 1.00000000000000, 0.972617547214380
1.00000000000000, 0.972617547214380, 1.00000000000000

0.972617547214380, 1.00000000000000, 0.972617547214380
1.00000000000000, 0.972617547214380, 1.00000000000000
0.972617547214380, 1.00000000000000, 0.972617547214380

1.00000000000000, 0.972617547214380, 1.00000000000000
0.972617547214380, 1.00000000000000, 0.972617547214380
1.00000000000000, 0.972617547214380, 1.00000000000000

0.972617547214380, 1.00000000000000, 0.972617547214380
1.00000000000000, 0.972617547214380, 1.00000000000000
0.972617547214380, 1.00000000000000, 0.972617547214380

1.00000000000000, 0.972617547214380, 1.00000000000000
0.972617547214380, 1.00000000000000, 0.972617547214380
1.00000000000000, 0.972617547214380, 1.00000000000000

0.972617547214380, 1.00000000000000, 0.972617547214380
1.00000000000000, 0.972617547214380, 1.00000000000000
0.972617547214380, 1.00000000000000, 0.972617547214380

1.00000000000000, 0.972617547214380, 1.00000000000000
0.972617547214380, 1.00000000000000, 0.972617547214380
1.00000000000000, 0.972617547214380, 1.00000000000000

0.972617547214380, 1.00000000000000, 0.972617547214380
1.00000000000000, 0.972617547214380, 1.00000000000000
0.972617547214380, 1.00000000000000, 0.972617547214380

1.00000000000000, 0.972617547214380, 1.00000000000000
0.972617547214380, 1.00000000000000, 0.972617547214380
1.00000000000000, 0.972617547214380, 1.00000000000000

0.972617547214380, 1.00000000000000, 0.972617547214380
1.00000000000000, 0.972617547214380, 1.00000000000000
0.972617547214380, 1.00000000000000, 0.972617547214380

1.00000000000000, 0.972617547214380, 1.00000000000000
0.972617547214380, 1.00000000000000, 0.972617547214380
1.00000000000000, 0.972617547214380, 1.00000000000000

0.972617547214380, 1.00000000000000, 0.972617547214380
1.00000000000000, 0.972617547214380, 1.00000000000000
0.972617547214380, 1.00000000000000, 0.972617547214380

1.00000000000000, 0.972617547214380, 1.00000000000000
0.972617547214380, 1.00000000000000, 0.972617547214380
1.00000000000000, 0.972617547214380, 1.00000000000000

0.972617547214380, 1.00000000000000, 0.972617547214380
1.00000000000000, 0.972617547214380, 1.00000000000000
0.972617547214380, 1.00000000000000, 0.972617547214380

1.00000000000000, 0.972617547214380, 1.00000000000000
0.972617547214380, 1.00000000000000, 0.972617547214380
1.00000000000000, 0.972617547214380, 1.00000000000000

0.972617547214380, 1.00000000000000, 0.972617547214380
1.00000000000000, 0.972617547214380, 1.00000000000000
0.972617547214380, 1.00000000000000, 0.972617547214380

1.00000000000000, 0.972617547214380, 1.00000000000000
0.972617547214380, 1.00000000000000, 0.972617547214380
1.00000000000000, 0.972617547214380, 1.00000000000000

0.972617547214380, 1.00000000000000, 0.972617547214380
1.00000000000000, 0.972617547214380, 1.00000000000000
0.972617547214380, 1.00000000000000, 0.972617547214380

1.00000000000000, 0.972617547214380, 1.00000000000000
0.972617547214380, 1.00000000000000, 0.972617547214380
1.00000000000000, 0.972617547214380, 1.00000000000000

0.972617547214380, 1.00000000000000, 0.972617547214380
1.00000000000000, 0.972617547214380, 1.00000000000000
0.972617547214380, 1.00000000000000, 0.972617547214380

1.00000000000000, 0.972617547214380, 1.00000000000000
0.972617547214380, 1.00000000000000, 0.972617547214380
1.00000000000000, 0.972617547214380, 1.00000000000000

0.972617547214380, 1.00000000000000, 0.972617547214380
1.00000000000000, 0.972617547214380, 1.00000000000000
0.972617547214380, 1.00000000000000, 0.972617547214380

1.00000000000000, 0.972617547214380, 1.00000000000000
0.972617547214380, 1.00000000000000, 0.972617547214380
1.00000000000000, 0.972617547214380, 1.00000000000000

0.972617547214380, 1.00000000000000, 0.972617547214380
1.00000000000000, 0.972617547214380, 1.00000000000000
0.972617547214380, 1.00000000000000, 0.972617547214380

1.00000000000000, 0.972617547214380, 1.00000000000000
0.972617547214380, 1.00000000000000, 0.972617547214380
1.00000000000000, 0.972617547214380, 1.00000000000000

0.972617547214380, 1.00000000000000, 0.972617547214380
1.00000000000000, 0.972617547214380, 1.00000000000000
0.972617547214380, 1.00000000000000, 0.972617547214380

1.00000000000000, 0.972617547214380, 1.00000000000000
0.972617547214380, 1.00000000000000, 0.972617547214380
1.00000000000000, 0.972617547214380, 1.00000000000000

0.972617547214380, 1.00000000000000, 0.972617547214380
1.00000000000000, 0.972617547214380, 1.00000000000000
0.972617547214380, 1.00000000000000, 0.972617547214380

1.00000000000000, 0.972617547214380, 1.00000000000000
0.972617547214380, 1.00000000000000, 0.972617547214380
1.00000000000000, 0.972617547214380, 1.00000000000000

0.972617547214380, 1.00000000000000, 0.972617547214380
1.00000000000000, 0.972617547214380, 1.00000000000000
0.972617547214380, 1.00000000000000, 0.972617547214380

1.00000000000000, 0.972617547214380, 1.00000000000000
0.972617547214380, 1.00000000000000, 0.972617547214380
1.00000000000000, 0.972617547214380, 1.00000000000000

0.972617547214380, 1.00000000000000, 0.972617547214380
1.00000000000000, 0.972617547214380, 1.00000000000000
0.972617547214380, 1.00000000000000, 0.972617547214380

1.00000000000000, 0.972617547214380, 1.00000000000000
0.972617547214380, 1.00000000000000, 0.972617547214380
1.00000000000000, 0.972617547214380, 1.00000000000000

0.972617547214380, 1.00000000000000, 0.972617547214380
1.00000000000000, 0.972617547214380, 1.00000000000000
0.972617547214380, 1.00000000000000, 0.972617547214380

1.00000000000000, 0.972617547214380, 1.00000000000000
0.972617547214380, 1.00000000000000, 0.972617547214380
1.00000000000000, 0.972617547214380, 1.00000000000000

0.972617547214380, 1.00000000000000, 0.972617547214380
1.00000000000000, 0.972617547214380, 1.00000000000000
0.972617547214380, 1.00000000000000, 0.972617547214380

1.00000000000000, 0.972617547214380, 1.00000000000000
0.972617547214380, 1.00000000000000, 0.972617547214380
1.00000000000000, 0.972617547214380, 1.00000000000000

0.972617547214380, 1.00000000000000, 0.972617547214380
1.00000000000000, 0.972617547214380, 1.00000000000000
0.972617547214380, 1.00000000000000, 0.972617547214380

1.00000000000000, 0.972617547214380, 1.00000000000000
0.972617547214380, 1.00000000000000, 0.972617547214380
1.00000000000000, 0.972617547214380, 1.00000000000000

0.972617547214380, 1.00000000000000, 0.972617547214380
1.00000000000000, 0.972617547214380, 1.00000000000000
0.972617547214380, 1.00000000000000, 0.972617547214380

1.00000000000000, 0.972617547214380, 1.00000000000000
0.972617547214380, 1.00000000000000, 0.972617547214380
1.00000000000000, 0.972617547214380, 1.00000000000000

0.972617547214380, 1.00000000000000, 0.972617547214380
1.00000000000000, 0.972617547214380, 1.00000000000000
0.972617547214380, 1.00000000000000, 0.972617547214380

1.00000000000000, 0.972617547214380, 1.00000000000000
0.972617547214380, 1.00000000000000, 0.972617547214380
1.00000000000000, 0.972617547214380, 1.00000000000000

0.972617547214380, 1.00000000000000, 0.972617547214380
1.00000000000000, 0.972617547214380, 1.00000000000000
0.972617547214380, 1.00000000000000, 0.972617547214380

1.00000000000000, 0.972617547214380, 1.00000000000000
0.972617547214380, 1.00000000000000, 0.972617547214380
1.00000000000000, 0.972617547214380, 1.00000000000000

0.972617547214380, 1.00000000000000, 0.972617547214380
1.00000000000000, 0.972617547214380, 1.00000000000000
0.972617547214380, 1.00000000000000, 0.972617547214380

1.00000000000000, 0.972617547214380, 1.00000000000000
0.972617547214380, 1.00000000000000, 0.972617547214380
1.00000000000000, 0.972617547214380, 1.00000000000000

0.972617547214380, 1.00000000000000, 0.972617547214380
1.00000000000000, 0.972617547214380, 1.00000000000000
0.972617547214380, 1.00000000000000, 0.972617547214380

1.00000000000000, 0.972617547214380, 1.00000000000000
0.972617547214380, 1.00000000000000, 0.972617547214380
1.00000000000000, 0.972617547214380, 1.00000000000000

0.972617547214380, 1.00000000000000, 0.972617547214380
1.00000000000000, 0.972617547214380, 1.00000000000000
0.972617547214380, 1.00000000000000, 0.972617547214380

1.00000000000000, 0.972617547214380, 1.00000000000000
0.972617547214380, 1.00000000000000, 0.972617547214380
1.00000000000000, 0.972617547214380, 1.00000000000000

0.972617547214380, 1.00000000000000, 0.972617547214380
1.00000000000000, 0.972617547214380, 1.00000000000000
0.972617547214380, 1.00000000000000, 0.972617547214380

1.00000000000000, 0.972617547214380, 1.00000000000000
0.972617547214380, 1.00000000000000, 0.972617547214380
1.00000000000000, 0.972617547214380, 1.00000000000000

0.972617547214380, 1.00000000000000, 0.972617547214380
1.00000000000000, 0.972617547214380, 1.00000000000000
0.972617547214380, 1.00000000000000, 0.972617547214380

1.00000000000000, 0.972617547214380, 1.00000000000000
0.972617547214380, 1.00000000000000, 0.972617547214380
1.00000000000000, 0.972617547214380, 1.00000000000000

0.972617547214380, 1.00000000000000, 0.972617547214380
1.00000000000000, 0.972617547214380, 1.00000000000000
0.972617547214380, 1.00000000000000, 0.972617547214380

1.00000000000000, 0.972617547214380, 1.00000000000000
0.972617547214380, 1.00000000000000, 0.972617547214380
1.00000000000000, 0.972617547214380, 1.00000000000000

0.972617547214380, 1.00000000000000, 0.972617547214380
1.00000000000000, 0.972617547214380, 1.00000000000000
0.972617547214380, 1.00000000000000, 0.972617547214380

1.00000000000000, 0.972617547214380, 1.00000000000000
0.972617547214380, 1.00000000000000, 0.972617547214380
1.00000000000000, 0.972617547214380, 1.00000000000000

0.972617547214380, 1.00000000000000, 0.972617547214380
1.00000000000000, 0.972617547214380, 1.00000000000000
0.972617547214380, 1.00000000000000, 0.972617547214380

1.00000000000000, 0.972617547214380, 1.00000000000000
0.972617547214380, 1.00000000000000, 0.972617547214380
1.00000000000000, 0.972617547214380, 1.00000000000000

0.972617547214380, 1.00000000000000, 0.972617547214380
1.00000000000000, 0.972617547214380, 1.00000000000000
0.972617547214380, 1.00000000000000, 0.972617547214380

1.00000000000000, 0.972617547214380, 1.00000000000000
0.972617547214380, 1.00000000000000, 0.972617547214380
1.00000000000000, 0.972617547214380, 1.00000000000000

0.972617547214380, 1.00000000000000, 0.972617547214380
1.00000000000000, 0.972617547214380, 1.00000000000000
0.972617547214380, 1.00000000000000, 0.972617547214380

1.00000000000000, 0.972617547214380, 1.00000000000000
0.972617547214380, 1.00000000000000, 0.972617547214380
1.00000000000000, 0.972617547214380, 1.00000000000000

0.972617547214380, 1.00000000000000, 0.972617547214380
1.00000000000000, 0.972617547214380, 1.00000000000000
0.972617547214380, 1.00000000000000, 0.972617547214380
 