Attribute names:	P0	P1	P2
Minor allele frequencies:	0.050	0.050	0.050
x: 0.958666875288725
y: 0.0431152111089963
Prevalence: 0.968350379079520
Heritability: 0.0100000000000000

Table:

0.958666875288725, 1.00000000000000, 0.958666875288725
1.00000000000000, 0.958666875288725, 1.00000000000000
0.958666875288725, 1.00000000000000, 0.958666875288725

1.00000000000000, 0.958666875288725, 1.00000000000000
0.958666875288725, 1.00000000000000, 0.958666875288725
1.00000000000000, 0.958666875288725, 1.00000000000000

0.958666875288725, 1.00000000000000, 0.958666875288725
1.00000000000000, 0.958666875288725, 1.00000000000000
0.958666875288725, 1.00000000000000, 0.958666875288725
 