Attribute names:	P0	P1	P2
Minor allele frequencies:	0.100	0.100	0.100
x: 0.596075795569113
y: 0.677638997311129
Prevalence: 0.745094744461391
Heritability: 0.200000000000000

Table:

0.596075795569113, 1.00000000000000, 0.596075795569113
1.00000000000000, 0.596075795569113, 1.00000000000000
0.596075795569113, 1.00000000000000, 0.596075795569113

1.00000000000000, 0.596075795569113, 1.00000000000000
0.596075795569113, 1.00000000000000, 0.596075795569113
1.00000000000000, 0.596075795569113, 1.00000000000000

0.596075795569113, 1.00000000000000, 0.596075795569113
1.00000000000000, 0.596075795569113, 1.00000000000000
0.596075795569113, 1.00000000000000, 0.596075795569113
 