Attribute names:	P0	P1	P2	P3	P4
Minor allele frequencies:	0.050	0.050	0.050	0.050	0.050
x: 0.969916141740025
y: 0.0310169683391440
Prevalence: 0.979713274484874
Heritability: 0.0100000000000000

Table:

0.969916141740025, 1.00000000000000, 0.969916141740025
1.00000000000000, 0.969916141740025, 1.00000000000000
0.969916141740025, 1.00000000000000, 0.969916141740025

1.00000000000000, 0.969916141740025, 1.00000000000000
0.969916141740025, 1.00000000000000, 0.969916141740025
1.00000000000000, 0.969916141740025, 1.00000000000000

0.969916141740025, 1.00000000000000, 0.969916141740025
1.00000000000000, 0.969916141740025, 1.00000000000000
0.969916141740025, 1.00000000000000, 0.969916141740025

1.00000000000000, 0.969916141740025, 1.00000000000000
0.969916141740025, 1.00000000000000, 0.969916141740025
1.00000000000000, 0.969916141740025, 1.00000000000000

0.969916141740025, 1.00000000000000, 0.969916141740025
1.00000000000000, 0.969916141740025, 1.00000000000000
0.969916141740025, 1.00000000000000, 0.969916141740025

1.00000000000000, 0.969916141740025, 1.00000000000000
0.969916141740025, 1.00000000000000, 0.969916141740025
1.00000000000000, 0.969916141740025, 1.00000000000000

0.969916141740025, 1.00000000000000, 0.969916141740025
1.00000000000000, 0.969916141740025, 1.00000000000000
0.969916141740025, 1.00000000000000, 0.969916141740025

1.00000000000000, 0.969916141740025, 1.00000000000000
0.969916141740025, 1.00000000000000, 0.969916141740025
1.00000000000000, 0.969916141740025, 1.00000000000000

0.969916141740025, 1.00000000000000, 0.969916141740025
1.00000000000000, 0.969916141740025, 1.00000000000000
0.969916141740025, 1.00000000000000, 0.969916141740025

1.00000000000000, 0.969916141740025, 1.00000000000000
0.969916141740025, 1.00000000000000, 0.969916141740025
1.00000000000000, 0.969916141740025, 1.00000000000000

0.969916141740025, 1.00000000000000, 0.969916141740025
1.00000000000000, 0.969916141740025, 1.00000000000000
0.969916141740025, 1.00000000000000, 0.969916141740025

1.00000000000000, 0.969916141740025, 1.00000000000000
0.969916141740025, 1.00000000000000, 0.969916141740025
1.00000000000000, 0.969916141740025, 1.00000000000000

0.969916141740025, 1.00000000000000, 0.969916141740025
1.00000000000000, 0.969916141740025, 1.00000000000000
0.969916141740025, 1.00000000000000, 0.969916141740025

1.00000000000000, 0.969916141740025, 1.00000000000000
0.969916141740025, 1.00000000000000, 0.969916141740025
1.00000000000000, 0.969916141740025, 1.00000000000000

0.969916141740025, 1.00000000000000, 0.969916141740025
1.00000000000000, 0.969916141740025, 1.00000000000000
0.969916141740025, 1.00000000000000, 0.969916141740025

1.00000000000000, 0.969916141740025, 1.00000000000000
0.969916141740025, 1.00000000000000, 0.969916141740025
1.00000000000000, 0.969916141740025, 1.00000000000000

0.969916141740025, 1.00000000000000, 0.969916141740025
1.00000000000000, 0.969916141740025, 1.00000000000000
0.969916141740025, 1.00000000000000, 0.969916141740025

1.00000000000000, 0.969916141740025, 1.00000000000000
0.969916141740025, 1.00000000000000, 0.969916141740025
1.00000000000000, 0.969916141740025, 1.00000000000000

0.969916141740025, 1.00000000000000, 0.969916141740025
1.00000000000000, 0.969916141740025, 1.00000000000000
0.969916141740025, 1.00000000000000, 0.969916141740025

1.00000000000000, 0.969916141740025, 1.00000000000000
0.969916141740025, 1.00000000000000, 0.969916141740025
1.00000000000000, 0.969916141740025, 1.00000000000000

0.969916141740025, 1.00000000000000, 0.969916141740025
1.00000000000000, 0.969916141740025, 1.00000000000000
0.969916141740025, 1.00000000000000, 0.969916141740025

1.00000000000000, 0.969916141740025, 1.00000000000000
0.969916141740025, 1.00000000000000, 0.969916141740025
1.00000000000000, 0.969916141740025, 1.00000000000000

0.969916141740025, 1.00000000000000, 0.969916141740025
1.00000000000000, 0.969916141740025, 1.00000000000000
0.969916141740025, 1.00000000000000, 0.969916141740025

1.00000000000000, 0.969916141740025, 1.00000000000000
0.969916141740025, 1.00000000000000, 0.969916141740025
1.00000000000000, 0.969916141740025, 1.00000000000000

0.969916141740025, 1.00000000000000, 0.969916141740025
1.00000000000000, 0.969916141740025, 1.00000000000000
0.969916141740025, 1.00000000000000, 0.969916141740025

1.00000000000000, 0.969916141740025, 1.00000000000000
0.969916141740025, 1.00000000000000, 0.969916141740025
1.00000000000000, 0.969916141740025, 1.00000000000000

0.969916141740025, 1.00000000000000, 0.969916141740025
1.00000000000000, 0.969916141740025, 1.00000000000000
0.969916141740025, 1.00000000000000, 0.969916141740025
 