Attribute names:	P0	P1	P2	P3
Minor allele frequencies:	0.200	0.200	0.200	0.200
x: 0.662891919157922
y: 0.508541545159140
Prevalence: 0.828614898947403
Heritability: 0.200000000000000

Table:

0.662891919157922, 1.00000000000000, 0.662891919157922
1.00000000000000, 0.662891919157922, 1.00000000000000
0.662891919157922, 1.00000000000000, 0.662891919157922

1.00000000000000, 0.662891919157922, 1.00000000000000
0.662891919157922, 1.00000000000000, 0.662891919157922
1.00000000000000, 0.662891919157922, 1.00000000000000

0.662891919157922, 1.00000000000000, 0.662891919157922
1.00000000000000, 0.662891919157922, 1.00000000000000
0.662891919157922, 1.00000000000000, 0.662891919157922

1.00000000000000, 0.662891919157922, 1.00000000000000
0.662891919157922, 1.00000000000000, 0.662891919157922
1.00000000000000, 0.662891919157922, 1.00000000000000

0.662891919157922, 1.00000000000000, 0.662891919157922
1.00000000000000, 0.662891919157922, 1.00000000000000
0.662891919157922, 1.00000000000000, 0.662891919157922

1.00000000000000, 0.662891919157922, 1.00000000000000
0.662891919157922, 1.00000000000000, 0.662891919157922
1.00000000000000, 0.662891919157922, 1.00000000000000

0.662891919157922, 1.00000000000000, 0.662891919157922
1.00000000000000, 0.662891919157922, 1.00000000000000
0.662891919157922, 1.00000000000000, 0.662891919157922

1.00000000000000, 0.662891919157922, 1.00000000000000
0.662891919157922, 1.00000000000000, 0.662891919157922
1.00000000000000, 0.662891919157922, 1.00000000000000

0.662891919157922, 1.00000000000000, 0.662891919157922
1.00000000000000, 0.662891919157922, 1.00000000000000
0.662891919157922, 1.00000000000000, 0.662891919157922
 