Attribute names:	P0	P1	P2	P3	P4
Minor allele frequencies:	0.200	0.200	0.200	0.200	0.200
x: 0.904238014953348
y: 0.105903515958232
Prevalence: 0.951829489424577
Heritability: 0.0500000000000000

Table:

0.904238014953348, 1.00000000000000, 0.904238014953348
1.00000000000000, 0.904238014953348, 1.00000000000000
0.904238014953348, 1.00000000000000, 0.904238014953348

1.00000000000000, 0.904238014953348, 1.00000000000000
0.904238014953348, 1.00000000000000, 0.904238014953348
1.00000000000000, 0.904238014953348, 1.00000000000000

0.904238014953348, 1.00000000000000, 0.904238014953348
1.00000000000000, 0.904238014953348, 1.00000000000000
0.904238014953348, 1.00000000000000, 0.904238014953348

1.00000000000000, 0.904238014953348, 1.00000000000000
0.904238014953348, 1.00000000000000, 0.904238014953348
1.00000000000000, 0.904238014953348, 1.00000000000000

0.904238014953348, 1.00000000000000, 0.904238014953348
1.00000000000000, 0.904238014953348, 1.00000000000000
0.904238014953348, 1.00000000000000, 0.904238014953348

1.00000000000000, 0.904238014953348, 1.00000000000000
0.904238014953348, 1.00000000000000, 0.904238014953348
1.00000000000000, 0.904238014953348, 1.00000000000000

0.904238014953348, 1.00000000000000, 0.904238014953348
1.00000000000000, 0.904238014953348, 1.00000000000000
0.904238014953348, 1.00000000000000, 0.904238014953348

1.00000000000000, 0.904238014953348, 1.00000000000000
0.904238014953348, 1.00000000000000, 0.904238014953348
1.00000000000000, 0.904238014953348, 1.00000000000000

0.904238014953348, 1.00000000000000, 0.904238014953348
1.00000000000000, 0.904238014953348, 1.00000000000000
0.904238014953348, 1.00000000000000, 0.904238014953348

1.00000000000000, 0.904238014953348, 1.00000000000000
0.904238014953348, 1.00000000000000, 0.904238014953348
1.00000000000000, 0.904238014953348, 1.00000000000000

0.904238014953348, 1.00000000000000, 0.904238014953348
1.00000000000000, 0.904238014953348, 1.00000000000000
0.904238014953348, 1.00000000000000, 0.904238014953348

1.00000000000000, 0.904238014953348, 1.00000000000000
0.904238014953348, 1.00000000000000, 0.904238014953348
1.00000000000000, 0.904238014953348, 1.00000000000000

0.904238014953348, 1.00000000000000, 0.904238014953348
1.00000000000000, 0.904238014953348, 1.00000000000000
0.904238014953348, 1.00000000000000, 0.904238014953348

1.00000000000000, 0.904238014953348, 1.00000000000000
0.904238014953348, 1.00000000000000, 0.904238014953348
1.00000000000000, 0.904238014953348, 1.00000000000000

0.904238014953348, 1.00000000000000, 0.904238014953348
1.00000000000000, 0.904238014953348, 1.00000000000000
0.904238014953348, 1.00000000000000, 0.904238014953348

1.00000000000000, 0.904238014953348, 1.00000000000000
0.904238014953348, 1.00000000000000, 0.904238014953348
1.00000000000000, 0.904238014953348, 1.00000000000000

0.904238014953348, 1.00000000000000, 0.904238014953348
1.00000000000000, 0.904238014953348, 1.00000000000000
0.904238014953348, 1.00000000000000, 0.904238014953348

1.00000000000000, 0.904238014953348, 1.00000000000000
0.904238014953348, 1.00000000000000, 0.904238014953348
1.00000000000000, 0.904238014953348, 1.00000000000000

0.904238014953348, 1.00000000000000, 0.904238014953348
1.00000000000000, 0.904238014953348, 1.00000000000000
0.904238014953348, 1.00000000000000, 0.904238014953348

1.00000000000000, 0.904238014953348, 1.00000000000000
0.904238014953348, 1.00000000000000, 0.904238014953348
1.00000000000000, 0.904238014953348, 1.00000000000000

0.904238014953348, 1.00000000000000, 0.904238014953348
1.00000000000000, 0.904238014953348, 1.00000000000000
0.904238014953348, 1.00000000000000, 0.904238014953348

1.00000000000000, 0.904238014953348, 1.00000000000000
0.904238014953348, 1.00000000000000, 0.904238014953348
1.00000000000000, 0.904238014953348, 1.00000000000000

0.904238014953348, 1.00000000000000, 0.904238014953348
1.00000000000000, 0.904238014953348, 1.00000000000000
0.904238014953348, 1.00000000000000, 0.904238014953348

1.00000000000000, 0.904238014953348, 1.00000000000000
0.904238014953348, 1.00000000000000, 0.904238014953348
1.00000000000000, 0.904238014953348, 1.00000000000000

0.904238014953348, 1.00000000000000, 0.904238014953348
1.00000000000000, 0.904238014953348, 1.00000000000000
0.904238014953348, 1.00000000000000, 0.904238014953348

1.00000000000000, 0.904238014953348, 1.00000000000000
0.904238014953348, 1.00000000000000, 0.904238014953348
1.00000000000000, 0.904238014953348, 1.00000000000000

0.904238014953348, 1.00000000000000, 0.904238014953348
1.00000000000000, 0.904238014953348, 1.00000000000000
0.904238014953348, 1.00000000000000, 0.904238014953348
 