Attribute names:	P0	P1	P2
Minor allele frequencies:	0.200	0.200	0.200
x: 0.655965827773741
y: 0.524469656283566
Prevalence: 0.819957284717176
Heritability: 0.200000000000000

Table:

0.655965827773741, 1.00000000000000, 0.655965827773741
1.00000000000000, 0.655965827773741, 1.00000000000000
0.655965827773741, 1.00000000000000, 0.655965827773741

1.00000000000000, 0.655965827773741, 1.00000000000000
0.655965827773741, 1.00000000000000, 0.655965827773741
1.00000000000000, 0.655965827773741, 1.00000000000000

0.655965827773741, 1.00000000000000, 0.655965827773741
1.00000000000000, 0.655965827773741, 1.00000000000000
0.655965827773741, 1.00000000000000, 0.655965827773741
 