Attribute names:	P0	P1	P2
Minor allele frequencies:	0.200	0.200	0.200
x: 0.900564475584999
y: 0.110414664480751
Prevalence: 0.947962605878946
Heritability: 0.0500000000000000

Table:

0.900564475584999, 1.00000000000000, 0.900564475584999
1.00000000000000, 0.900564475584999, 1.00000000000000
0.900564475584999, 1.00000000000000, 0.900564475584999

1.00000000000000, 0.900564475584999, 1.00000000000000
0.900564475584999, 1.00000000000000, 0.900564475584999
1.00000000000000, 0.900564475584999, 1.00000000000000

0.900564475584999, 1.00000000000000, 0.900564475584999
1.00000000000000, 0.900564475584999, 1.00000000000000
0.900564475584999, 1.00000000000000, 0.900564475584999
 