Attribute names:	P0	P1	P2	P3	P4	P5
Minor allele frequencies:	0.200	0.200	0.200	0.200	0.200	0.200
x: 0.428037841232543
y: 1.33624204140569
Prevalence: 0.713396402054239
Heritability: 0.400000000000000

Table:

0.428037841232543, 1.00000000000000, 0.428037841232543
1.00000000000000, 0.428037841232543, 1.00000000000000
0.428037841232543, 1.00000000000000, 0.428037841232543

1.00000000000000, 0.428037841232543, 1.00000000000000
0.428037841232543, 1.00000000000000, 0.428037841232543
1.00000000000000, 0.428037841232543, 1.00000000000000

0.428037841232543, 1.00000000000000, 0.428037841232543
1.00000000000000, 0.428037841232543, 1.00000000000000
0.428037841232543, 1.00000000000000, 0.428037841232543

1.00000000000000, 0.428037841232543, 1.00000000000000
0.428037841232543, 1.00000000000000, 0.428037841232543
1.00000000000000, 0.428037841232543, 1.00000000000000

0.428037841232543, 1.00000000000000, 0.428037841232543
1.00000000000000, 0.428037841232543, 1.00000000000000
0.428037841232543, 1.00000000000000, 0.428037841232543

1.00000000000000, 0.428037841232543, 1.00000000000000
0.428037841232543, 1.00000000000000, 0.428037841232543
1.00000000000000, 0.428037841232543, 1.00000000000000

0.428037841232543, 1.00000000000000, 0.428037841232543
1.00000000000000, 0.428037841232543, 1.00000000000000
0.428037841232543, 1.00000000000000, 0.428037841232543

1.00000000000000, 0.428037841232543, 1.00000000000000
0.428037841232543, 1.00000000000000, 0.428037841232543
1.00000000000000, 0.428037841232543, 1.00000000000000

0.428037841232543, 1.00000000000000, 0.428037841232543
1.00000000000000, 0.428037841232543, 1.00000000000000
0.428037841232543, 1.00000000000000, 0.428037841232543

1.00000000000000, 0.428037841232543, 1.00000000000000
0.428037841232543, 1.00000000000000, 0.428037841232543
1.00000000000000, 0.428037841232543, 1.00000000000000

0.428037841232543, 1.00000000000000, 0.428037841232543
1.00000000000000, 0.428037841232543, 1.00000000000000
0.428037841232543, 1.00000000000000, 0.428037841232543

1.00000000000000, 0.428037841232543, 1.00000000000000
0.428037841232543, 1.00000000000000, 0.428037841232543
1.00000000000000, 0.428037841232543, 1.00000000000000

0.428037841232543, 1.00000000000000, 0.428037841232543
1.00000000000000, 0.428037841232543, 1.00000000000000
0.428037841232543, 1.00000000000000, 0.428037841232543

1.00000000000000, 0.428037841232543, 1.00000000000000
0.428037841232543, 1.00000000000000, 0.428037841232543
1.00000000000000, 0.428037841232543, 1.00000000000000

0.428037841232543, 1.00000000000000, 0.428037841232543
1.00000000000000, 0.428037841232543, 1.00000000000000
0.428037841232543, 1.00000000000000, 0.428037841232543

1.00000000000000, 0.428037841232543, 1.00000000000000
0.428037841232543, 1.00000000000000, 0.428037841232543
1.00000000000000, 0.428037841232543, 1.00000000000000

0.428037841232543, 1.00000000000000, 0.428037841232543
1.00000000000000, 0.428037841232543, 1.00000000000000
0.428037841232543, 1.00000000000000, 0.428037841232543

1.00000000000000, 0.428037841232543, 1.00000000000000
0.428037841232543, 1.00000000000000, 0.428037841232543
1.00000000000000, 0.428037841232543, 1.00000000000000

0.428037841232543, 1.00000000000000, 0.428037841232543
1.00000000000000, 0.428037841232543, 1.00000000000000
0.428037841232543, 1.00000000000000, 0.428037841232543

1.00000000000000, 0.428037841232543, 1.00000000000000
0.428037841232543, 1.00000000000000, 0.428037841232543
1.00000000000000, 0.428037841232543, 1.00000000000000

0.428037841232543, 1.00000000000000, 0.428037841232543
1.00000000000000, 0.428037841232543, 1.00000000000000
0.428037841232543, 1.00000000000000, 0.428037841232543

1.00000000000000, 0.428037841232543, 1.00000000000000
0.428037841232543, 1.00000000000000, 0.428037841232543
1.00000000000000, 0.428037841232543, 1.00000000000000

0.428037841232543, 1.00000000000000, 0.428037841232543
1.00000000000000, 0.428037841232543, 1.00000000000000
0.428037841232543, 1.00000000000000, 0.428037841232543

1.00000000000000, 0.428037841232543, 1.00000000000000
0.428037841232543, 1.00000000000000, 0.428037841232543
1.00000000000000, 0.428037841232543, 1.00000000000000

0.428037841232543, 1.00000000000000, 0.428037841232543
1.00000000000000, 0.428037841232543, 1.00000000000000
0.428037841232543, 1.00000000000000, 0.428037841232543

1.00000000000000, 0.428037841232543, 1.00000000000000
0.428037841232543, 1.00000000000000, 0.428037841232543
1.00000000000000, 0.428037841232543, 1.00000000000000

0.428037841232543, 1.00000000000000, 0.428037841232543
1.00000000000000, 0.428037841232543, 1.00000000000000
0.428037841232543, 1.00000000000000, 0.428037841232543

1.00000000000000, 0.428037841232543, 1.00000000000000
0.428037841232543, 1.00000000000000, 0.428037841232543
1.00000000000000, 0.428037841232543, 1.00000000000000

0.428037841232543, 1.00000000000000, 0.428037841232543
1.00000000000000, 0.428037841232543, 1.00000000000000
0.428037841232543, 1.00000000000000, 0.428037841232543

1.00000000000000, 0.428037841232543, 1.00000000000000
0.428037841232543, 1.00000000000000, 0.428037841232543
1.00000000000000, 0.428037841232543, 1.00000000000000

0.428037841232543, 1.00000000000000, 0.428037841232543
1.00000000000000, 0.428037841232543, 1.00000000000000
0.428037841232543, 1.00000000000000, 0.428037841232543

1.00000000000000, 0.428037841232543, 1.00000000000000
0.428037841232543, 1.00000000000000, 0.428037841232543
1.00000000000000, 0.428037841232543, 1.00000000000000

0.428037841232543, 1.00000000000000, 0.428037841232543
1.00000000000000, 0.428037841232543, 1.00000000000000
0.428037841232543, 1.00000000000000, 0.428037841232543

1.00000000000000, 0.428037841232543, 1.00000000000000
0.428037841232543, 1.00000000000000, 0.428037841232543
1.00000000000000, 0.428037841232543, 1.00000000000000

0.428037841232543, 1.00000000000000, 0.428037841232543
1.00000000000000, 0.428037841232543, 1.00000000000000
0.428037841232543, 1.00000000000000, 0.428037841232543

1.00000000000000, 0.428037841232543, 1.00000000000000
0.428037841232543, 1.00000000000000, 0.428037841232543
1.00000000000000, 0.428037841232543, 1.00000000000000

0.428037841232543, 1.00000000000000, 0.428037841232543
1.00000000000000, 0.428037841232543, 1.00000000000000
0.428037841232543, 1.00000000000000, 0.428037841232543

1.00000000000000, 0.428037841232543, 1.00000000000000
0.428037841232543, 1.00000000000000, 0.428037841232543
1.00000000000000, 0.428037841232543, 1.00000000000000

0.428037841232543, 1.00000000000000, 0.428037841232543
1.00000000000000, 0.428037841232543, 1.00000000000000
0.428037841232543, 1.00000000000000, 0.428037841232543

1.00000000000000, 0.428037841232543, 1.00000000000000
0.428037841232543, 1.00000000000000, 0.428037841232543
1.00000000000000, 0.428037841232543, 1.00000000000000

0.428037841232543, 1.00000000000000, 0.428037841232543
1.00000000000000, 0.428037841232543, 1.00000000000000
0.428037841232543, 1.00000000000000, 0.428037841232543

1.00000000000000, 0.428037841232543, 1.00000000000000
0.428037841232543, 1.00000000000000, 0.428037841232543
1.00000000000000, 0.428037841232543, 1.00000000000000

0.428037841232543, 1.00000000000000, 0.428037841232543
1.00000000000000, 0.428037841232543, 1.00000000000000
0.428037841232543, 1.00000000000000, 0.428037841232543

1.00000000000000, 0.428037841232543, 1.00000000000000
0.428037841232543, 1.00000000000000, 0.428037841232543
1.00000000000000, 0.428037841232543, 1.00000000000000

0.428037841232543, 1.00000000000000, 0.428037841232543
1.00000000000000, 0.428037841232543, 1.00000000000000
0.428037841232543, 1.00000000000000, 0.428037841232543

1.00000000000000, 0.428037841232543, 1.00000000000000
0.428037841232543, 1.00000000000000, 0.428037841232543
1.00000000000000, 0.428037841232543, 1.00000000000000

0.428037841232543, 1.00000000000000, 0.428037841232543
1.00000000000000, 0.428037841232543, 1.00000000000000
0.428037841232543, 1.00000000000000, 0.428037841232543

1.00000000000000, 0.428037841232543, 1.00000000000000
0.428037841232543, 1.00000000000000, 0.428037841232543
1.00000000000000, 0.428037841232543, 1.00000000000000

0.428037841232543, 1.00000000000000, 0.428037841232543
1.00000000000000, 0.428037841232543, 1.00000000000000
0.428037841232543, 1.00000000000000, 0.428037841232543

1.00000000000000, 0.428037841232543, 1.00000000000000
0.428037841232543, 1.00000000000000, 0.428037841232543
1.00000000000000, 0.428037841232543, 1.00000000000000

0.428037841232543, 1.00000000000000, 0.428037841232543
1.00000000000000, 0.428037841232543, 1.00000000000000
0.428037841232543, 1.00000000000000, 0.428037841232543

1.00000000000000, 0.428037841232543, 1.00000000000000
0.428037841232543, 1.00000000000000, 0.428037841232543
1.00000000000000, 0.428037841232543, 1.00000000000000

0.428037841232543, 1.00000000000000, 0.428037841232543
1.00000000000000, 0.428037841232543, 1.00000000000000
0.428037841232543, 1.00000000000000, 0.428037841232543

1.00000000000000, 0.428037841232543, 1.00000000000000
0.428037841232543, 1.00000000000000, 0.428037841232543
1.00000000000000, 0.428037841232543, 1.00000000000000

0.428037841232543, 1.00000000000000, 0.428037841232543
1.00000000000000, 0.428037841232543, 1.00000000000000
0.428037841232543, 1.00000000000000, 0.428037841232543

1.00000000000000, 0.428037841232543, 1.00000000000000
0.428037841232543, 1.00000000000000, 0.428037841232543
1.00000000000000, 0.428037841232543, 1.00000000000000

0.428037841232543, 1.00000000000000, 0.428037841232543
1.00000000000000, 0.428037841232543, 1.00000000000000
0.428037841232543, 1.00000000000000, 0.428037841232543

1.00000000000000, 0.428037841232543, 1.00000000000000
0.428037841232543, 1.00000000000000, 0.428037841232543
1.00000000000000, 0.428037841232543, 1.00000000000000

0.428037841232543, 1.00000000000000, 0.428037841232543
1.00000000000000, 0.428037841232543, 1.00000000000000
0.428037841232543, 1.00000000000000, 0.428037841232543

1.00000000000000, 0.428037841232543, 1.00000000000000
0.428037841232543, 1.00000000000000, 0.428037841232543
1.00000000000000, 0.428037841232543, 1.00000000000000

0.428037841232543, 1.00000000000000, 0.428037841232543
1.00000000000000, 0.428037841232543, 1.00000000000000
0.428037841232543, 1.00000000000000, 0.428037841232543

1.00000000000000, 0.428037841232543, 1.00000000000000
0.428037841232543, 1.00000000000000, 0.428037841232543
1.00000000000000, 0.428037841232543, 1.00000000000000

0.428037841232543, 1.00000000000000, 0.428037841232543
1.00000000000000, 0.428037841232543, 1.00000000000000
0.428037841232543, 1.00000000000000, 0.428037841232543

1.00000000000000, 0.428037841232543, 1.00000000000000
0.428037841232543, 1.00000000000000, 0.428037841232543
1.00000000000000, 0.428037841232543, 1.00000000000000

0.428037841232543, 1.00000000000000, 0.428037841232543
1.00000000000000, 0.428037841232543, 1.00000000000000
0.428037841232543, 1.00000000000000, 0.428037841232543

1.00000000000000, 0.428037841232543, 1.00000000000000
0.428037841232543, 1.00000000000000, 0.428037841232543
1.00000000000000, 0.428037841232543, 1.00000000000000

0.428037841232543, 1.00000000000000, 0.428037841232543
1.00000000000000, 0.428037841232543, 1.00000000000000
0.428037841232543, 1.00000000000000, 0.428037841232543

1.00000000000000, 0.428037841232543, 1.00000000000000
0.428037841232543, 1.00000000000000, 0.428037841232543
1.00000000000000, 0.428037841232543, 1.00000000000000

0.428037841232543, 1.00000000000000, 0.428037841232543
1.00000000000000, 0.428037841232543, 1.00000000000000
0.428037841232543, 1.00000000000000, 0.428037841232543

1.00000000000000, 0.428037841232543, 1.00000000000000
0.428037841232543, 1.00000000000000, 0.428037841232543
1.00000000000000, 0.428037841232543, 1.00000000000000

0.428037841232543, 1.00000000000000, 0.428037841232543
1.00000000000000, 0.428037841232543, 1.00000000000000
0.428037841232543, 1.00000000000000, 0.428037841232543

1.00000000000000, 0.428037841232543, 1.00000000000000
0.428037841232543, 1.00000000000000, 0.428037841232543
1.00000000000000, 0.428037841232543, 1.00000000000000

0.428037841232543, 1.00000000000000, 0.428037841232543
1.00000000000000, 0.428037841232543, 1.00000000000000
0.428037841232543, 1.00000000000000, 0.428037841232543

1.00000000000000, 0.428037841232543, 1.00000000000000
0.428037841232543, 1.00000000000000, 0.428037841232543
1.00000000000000, 0.428037841232543, 1.00000000000000

0.428037841232543, 1.00000000000000, 0.428037841232543
1.00000000000000, 0.428037841232543, 1.00000000000000
0.428037841232543, 1.00000000000000, 0.428037841232543

1.00000000000000, 0.428037841232543, 1.00000000000000
0.428037841232543, 1.00000000000000, 0.428037841232543
1.00000000000000, 0.428037841232543, 1.00000000000000

0.428037841232543, 1.00000000000000, 0.428037841232543
1.00000000000000, 0.428037841232543, 1.00000000000000
0.428037841232543, 1.00000000000000, 0.428037841232543

1.00000000000000, 0.428037841232543, 1.00000000000000
0.428037841232543, 1.00000000000000, 0.428037841232543
1.00000000000000, 0.428037841232543, 1.00000000000000

0.428037841232543, 1.00000000000000, 0.428037841232543
1.00000000000000, 0.428037841232543, 1.00000000000000
0.428037841232543, 1.00000000000000, 0.428037841232543

1.00000000000000, 0.428037841232543, 1.00000000000000
0.428037841232543, 1.00000000000000, 0.428037841232543
1.00000000000000, 0.428037841232543, 1.00000000000000

0.428037841232543, 1.00000000000000, 0.428037841232543
1.00000000000000, 0.428037841232543, 1.00000000000000
0.428037841232543, 1.00000000000000, 0.428037841232543
 