Attribute names:	P0	P1	P2
Minor allele frequencies:	0.050	0.050	0.050
x: 0.483769187008742
y: 1.06710147494766
Prevalence: 0.604711483760927
Heritability: 0.200000000000000

Table:

0.483769187008742, 1.00000000000000, 0.483769187008742
1.00000000000000, 0.483769187008742, 1.00000000000000
0.483769187008742, 1.00000000000000, 0.483769187008742

1.00000000000000, 0.483769187008742, 1.00000000000000
0.483769187008742, 1.00000000000000, 0.483769187008742
1.00000000000000, 0.483769187008742, 1.00000000000000

0.483769187008742, 1.00000000000000, 0.483769187008742
1.00000000000000, 0.483769187008742, 1.00000000000000
0.483769187008742, 1.00000000000000, 0.483769187008742
 