Attribute names:	P0	P1	P2
Minor allele frequencies:	0.100	0.100	0.100
x: 0.973350298178184
y: 0.0273793534267123
Prevalence: 0.983182119371903
Heritability: 0.0100000000000000

Table:

0.973350298178184, 1.00000000000000, 0.973350298178184
1.00000000000000, 0.973350298178184, 1.00000000000000
0.973350298178184, 1.00000000000000, 0.973350298178184

1.00000000000000, 0.973350298178184, 1.00000000000000
0.973350298178184, 1.00000000000000, 0.973350298178184
1.00000000000000, 0.973350298178184, 1.00000000000000

0.973350298178184, 1.00000000000000, 0.973350298178184
1.00000000000000, 0.973350298178184, 1.00000000000000
0.973350298178184, 1.00000000000000, 0.973350298178184
 