Attribute names:	P0	P1	P2	P3
Minor allele frequencies:	0.100	0.100	0.100	0.100
x: 0.624688821996093
y: 0.600797012510420
Prevalence: 0.780861027495117
Heritability: 0.200000000000000

Table:

0.624688821996093, 1.00000000000000, 0.624688821996093
1.00000000000000, 0.624688821996093, 1.00000000000000
0.624688821996093, 1.00000000000000, 0.624688821996093

1.00000000000000, 0.624688821996093, 1.00000000000000
0.624688821996093, 1.00000000000000, 0.624688821996093
1.00000000000000, 0.624688821996093, 1.00000000000000

0.624688821996093, 1.00000000000000, 0.624688821996093
1.00000000000000, 0.624688821996093, 1.00000000000000
0.624688821996093, 1.00000000000000, 0.624688821996093

1.00000000000000, 0.624688821996093, 1.00000000000000
0.624688821996093, 1.00000000000000, 0.624688821996093
1.00000000000000, 0.624688821996093, 1.00000000000000

0.624688821996093, 1.00000000000000, 0.624688821996093
1.00000000000000, 0.624688821996093, 1.00000000000000
0.624688821996093, 1.00000000000000, 0.624688821996093

1.00000000000000, 0.624688821996093, 1.00000000000000
0.624688821996093, 1.00000000000000, 0.624688821996093
1.00000000000000, 0.624688821996093, 1.00000000000000

0.624688821996093, 1.00000000000000, 0.624688821996093
1.00000000000000, 0.624688821996093, 1.00000000000000
0.624688821996093, 1.00000000000000, 0.624688821996093

1.00000000000000, 0.624688821996093, 1.00000000000000
0.624688821996093, 1.00000000000000, 0.624688821996093
1.00000000000000, 0.624688821996093, 1.00000000000000

0.624688821996093, 1.00000000000000, 0.624688821996093
1.00000000000000, 0.624688821996093, 1.00000000000000
0.624688821996093, 1.00000000000000, 0.624688821996093
 