Attribute names:	P0	P1	P2
Minor allele frequencies:	0.100	0.100	0.100
x: 0.356247489365208
y: 1.80703732616301
Prevalence: 0.593745815608681
Heritability: 0.400000000000000

Table:

0.356247489365208, 1.00000000000000, 0.356247489365208
1.00000000000000, 0.356247489365208, 1.00000000000000
0.356247489365208, 1.00000000000000, 0.356247489365208

1.00000000000000, 0.356247489365208, 1.00000000000000
0.356247489365208, 1.00000000000000, 0.356247489365208
1.00000000000000, 0.356247489365208, 1.00000000000000

0.356247489365208, 1.00000000000000, 0.356247489365208
1.00000000000000, 0.356247489365208, 1.00000000000000
0.356247489365208, 1.00000000000000, 0.356247489365208
 