Attribute names:	P0	P1	P2	P3	P4	P5
Minor allele frequencies:	0.200	0.200	0.200	0.200	0.200	0.200
x: 0.666182234256057
y: 0.501090765527132
Prevalence: 0.832727792820071
Heritability: 0.200000000000000

Table:

0.666182234256057, 1.00000000000000, 0.666182234256057
1.00000000000000, 0.666182234256057, 1.00000000000000
0.666182234256057, 1.00000000000000, 0.666182234256057

1.00000000000000, 0.666182234256057, 1.00000000000000
0.666182234256057, 1.00000000000000, 0.666182234256057
1.00000000000000, 0.666182234256057, 1.00000000000000

0.666182234256057, 1.00000000000000, 0.666182234256057
1.00000000000000, 0.666182234256057, 1.00000000000000
0.666182234256057, 1.00000000000000, 0.666182234256057

1.00000000000000, 0.666182234256057, 1.00000000000000
0.666182234256057, 1.00000000000000, 0.666182234256057
1.00000000000000, 0.666182234256057, 1.00000000000000

0.666182234256057, 1.00000000000000, 0.666182234256057
1.00000000000000, 0.666182234256057, 1.00000000000000
0.666182234256057, 1.00000000000000, 0.666182234256057

1.00000000000000, 0.666182234256057, 1.00000000000000
0.666182234256057, 1.00000000000000, 0.666182234256057
1.00000000000000, 0.666182234256057, 1.00000000000000

0.666182234256057, 1.00000000000000, 0.666182234256057
1.00000000000000, 0.666182234256057, 1.00000000000000
0.666182234256057, 1.00000000000000, 0.666182234256057

1.00000000000000, 0.666182234256057, 1.00000000000000
0.666182234256057, 1.00000000000000, 0.666182234256057
1.00000000000000, 0.666182234256057, 1.00000000000000

0.666182234256057, 1.00000000000000, 0.666182234256057
1.00000000000000, 0.666182234256057, 1.00000000000000
0.666182234256057, 1.00000000000000, 0.666182234256057

1.00000000000000, 0.666182234256057, 1.00000000000000
0.666182234256057, 1.00000000000000, 0.666182234256057
1.00000000000000, 0.666182234256057, 1.00000000000000

0.666182234256057, 1.00000000000000, 0.666182234256057
1.00000000000000, 0.666182234256057, 1.00000000000000
0.666182234256057, 1.00000000000000, 0.666182234256057

1.00000000000000, 0.666182234256057, 1.00000000000000
0.666182234256057, 1.00000000000000, 0.666182234256057
1.00000000000000, 0.666182234256057, 1.00000000000000

0.666182234256057, 1.00000000000000, 0.666182234256057
1.00000000000000, 0.666182234256057, 1.00000000000000
0.666182234256057, 1.00000000000000, 0.666182234256057

1.00000000000000, 0.666182234256057, 1.00000000000000
0.666182234256057, 1.00000000000000, 0.666182234256057
1.00000000000000, 0.666182234256057, 1.00000000000000

0.666182234256057, 1.00000000000000, 0.666182234256057
1.00000000000000, 0.666182234256057, 1.00000000000000
0.666182234256057, 1.00000000000000, 0.666182234256057

1.00000000000000, 0.666182234256057, 1.00000000000000
0.666182234256057, 1.00000000000000, 0.666182234256057
1.00000000000000, 0.666182234256057, 1.00000000000000

0.666182234256057, 1.00000000000000, 0.666182234256057
1.00000000000000, 0.666182234256057, 1.00000000000000
0.666182234256057, 1.00000000000000, 0.666182234256057

1.00000000000000, 0.666182234256057, 1.00000000000000
0.666182234256057, 1.00000000000000, 0.666182234256057
1.00000000000000, 0.666182234256057, 1.00000000000000

0.666182234256057, 1.00000000000000, 0.666182234256057
1.00000000000000, 0.666182234256057, 1.00000000000000
0.666182234256057, 1.00000000000000, 0.666182234256057

1.00000000000000, 0.666182234256057, 1.00000000000000
0.666182234256057, 1.00000000000000, 0.666182234256057
1.00000000000000, 0.666182234256057, 1.00000000000000

0.666182234256057, 1.00000000000000, 0.666182234256057
1.00000000000000, 0.666182234256057, 1.00000000000000
0.666182234256057, 1.00000000000000, 0.666182234256057

1.00000000000000, 0.666182234256057, 1.00000000000000
0.666182234256057, 1.00000000000000, 0.666182234256057
1.00000000000000, 0.666182234256057, 1.00000000000000

0.666182234256057, 1.00000000000000, 0.666182234256057
1.00000000000000, 0.666182234256057, 1.00000000000000
0.666182234256057, 1.00000000000000, 0.666182234256057

1.00000000000000, 0.666182234256057, 1.00000000000000
0.666182234256057, 1.00000000000000, 0.666182234256057
1.00000000000000, 0.666182234256057, 1.00000000000000

0.666182234256057, 1.00000000000000, 0.666182234256057
1.00000000000000, 0.666182234256057, 1.00000000000000
0.666182234256057, 1.00000000000000, 0.666182234256057

1.00000000000000, 0.666182234256057, 1.00000000000000
0.666182234256057, 1.00000000000000, 0.666182234256057
1.00000000000000, 0.666182234256057, 1.00000000000000

0.666182234256057, 1.00000000000000, 0.666182234256057
1.00000000000000, 0.666182234256057, 1.00000000000000
0.666182234256057, 1.00000000000000, 0.666182234256057

1.00000000000000, 0.666182234256057, 1.00000000000000
0.666182234256057, 1.00000000000000, 0.666182234256057
1.00000000000000, 0.666182234256057, 1.00000000000000

0.666182234256057, 1.00000000000000, 0.666182234256057
1.00000000000000, 0.666182234256057, 1.00000000000000
0.666182234256057, 1.00000000000000, 0.666182234256057

1.00000000000000, 0.666182234256057, 1.00000000000000
0.666182234256057, 1.00000000000000, 0.666182234256057
1.00000000000000, 0.666182234256057, 1.00000000000000

0.666182234256057, 1.00000000000000, 0.666182234256057
1.00000000000000, 0.666182234256057, 1.00000000000000
0.666182234256057, 1.00000000000000, 0.666182234256057

1.00000000000000, 0.666182234256057, 1.00000000000000
0.666182234256057, 1.00000000000000, 0.666182234256057
1.00000000000000, 0.666182234256057, 1.00000000000000

0.666182234256057, 1.00000000000000, 0.666182234256057
1.00000000000000, 0.666182234256057, 1.00000000000000
0.666182234256057, 1.00000000000000, 0.666182234256057

1.00000000000000, 0.666182234256057, 1.00000000000000
0.666182234256057, 1.00000000000000, 0.666182234256057
1.00000000000000, 0.666182234256057, 1.00000000000000

0.666182234256057, 1.00000000000000, 0.666182234256057
1.00000000000000, 0.666182234256057, 1.00000000000000
0.666182234256057, 1.00000000000000, 0.666182234256057

1.00000000000000, 0.666182234256057, 1.00000000000000
0.666182234256057, 1.00000000000000, 0.666182234256057
1.00000000000000, 0.666182234256057, 1.00000000000000

0.666182234256057, 1.00000000000000, 0.666182234256057
1.00000000000000, 0.666182234256057, 1.00000000000000
0.666182234256057, 1.00000000000000, 0.666182234256057

1.00000000000000, 0.666182234256057, 1.00000000000000
0.666182234256057, 1.00000000000000, 0.666182234256057
1.00000000000000, 0.666182234256057, 1.00000000000000

0.666182234256057, 1.00000000000000, 0.666182234256057
1.00000000000000, 0.666182234256057, 1.00000000000000
0.666182234256057, 1.00000000000000, 0.666182234256057

1.00000000000000, 0.666182234256057, 1.00000000000000
0.666182234256057, 1.00000000000000, 0.666182234256057
1.00000000000000, 0.666182234256057, 1.00000000000000

0.666182234256057, 1.00000000000000, 0.666182234256057
1.00000000000000, 0.666182234256057, 1.00000000000000
0.666182234256057, 1.00000000000000, 0.666182234256057

1.00000000000000, 0.666182234256057, 1.00000000000000
0.666182234256057, 1.00000000000000, 0.666182234256057
1.00000000000000, 0.666182234256057, 1.00000000000000

0.666182234256057, 1.00000000000000, 0.666182234256057
1.00000000000000, 0.666182234256057, 1.00000000000000
0.666182234256057, 1.00000000000000, 0.666182234256057

1.00000000000000, 0.666182234256057, 1.00000000000000
0.666182234256057, 1.00000000000000, 0.666182234256057
1.00000000000000, 0.666182234256057, 1.00000000000000

0.666182234256057, 1.00000000000000, 0.666182234256057
1.00000000000000, 0.666182234256057, 1.00000000000000
0.666182234256057, 1.00000000000000, 0.666182234256057

1.00000000000000, 0.666182234256057, 1.00000000000000
0.666182234256057, 1.00000000000000, 0.666182234256057
1.00000000000000, 0.666182234256057, 1.00000000000000

0.666182234256057, 1.00000000000000, 0.666182234256057
1.00000000000000, 0.666182234256057, 1.00000000000000
0.666182234256057, 1.00000000000000, 0.666182234256057

1.00000000000000, 0.666182234256057, 1.00000000000000
0.666182234256057, 1.00000000000000, 0.666182234256057
1.00000000000000, 0.666182234256057, 1.00000000000000

0.666182234256057, 1.00000000000000, 0.666182234256057
1.00000000000000, 0.666182234256057, 1.00000000000000
0.666182234256057, 1.00000000000000, 0.666182234256057

1.00000000000000, 0.666182234256057, 1.00000000000000
0.666182234256057, 1.00000000000000, 0.666182234256057
1.00000000000000, 0.666182234256057, 1.00000000000000

0.666182234256057, 1.00000000000000, 0.666182234256057
1.00000000000000, 0.666182234256057, 1.00000000000000
0.666182234256057, 1.00000000000000, 0.666182234256057

1.00000000000000, 0.666182234256057, 1.00000000000000
0.666182234256057, 1.00000000000000, 0.666182234256057
1.00000000000000, 0.666182234256057, 1.00000000000000

0.666182234256057, 1.00000000000000, 0.666182234256057
1.00000000000000, 0.666182234256057, 1.00000000000000
0.666182234256057, 1.00000000000000, 0.666182234256057

1.00000000000000, 0.666182234256057, 1.00000000000000
0.666182234256057, 1.00000000000000, 0.666182234256057
1.00000000000000, 0.666182234256057, 1.00000000000000

0.666182234256057, 1.00000000000000, 0.666182234256057
1.00000000000000, 0.666182234256057, 1.00000000000000
0.666182234256057, 1.00000000000000, 0.666182234256057

1.00000000000000, 0.666182234256057, 1.00000000000000
0.666182234256057, 1.00000000000000, 0.666182234256057
1.00000000000000, 0.666182234256057, 1.00000000000000

0.666182234256057, 1.00000000000000, 0.666182234256057
1.00000000000000, 0.666182234256057, 1.00000000000000
0.666182234256057, 1.00000000000000, 0.666182234256057

1.00000000000000, 0.666182234256057, 1.00000000000000
0.666182234256057, 1.00000000000000, 0.666182234256057
1.00000000000000, 0.666182234256057, 1.00000000000000

0.666182234256057, 1.00000000000000, 0.666182234256057
1.00000000000000, 0.666182234256057, 1.00000000000000
0.666182234256057, 1.00000000000000, 0.666182234256057

1.00000000000000, 0.666182234256057, 1.00000000000000
0.666182234256057, 1.00000000000000, 0.666182234256057
1.00000000000000, 0.666182234256057, 1.00000000000000

0.666182234256057, 1.00000000000000, 0.666182234256057
1.00000000000000, 0.666182234256057, 1.00000000000000
0.666182234256057, 1.00000000000000, 0.666182234256057

1.00000000000000, 0.666182234256057, 1.00000000000000
0.666182234256057, 1.00000000000000, 0.666182234256057
1.00000000000000, 0.666182234256057, 1.00000000000000

0.666182234256057, 1.00000000000000, 0.666182234256057
1.00000000000000, 0.666182234256057, 1.00000000000000
0.666182234256057, 1.00000000000000, 0.666182234256057

1.00000000000000, 0.666182234256057, 1.00000000000000
0.666182234256057, 1.00000000000000, 0.666182234256057
1.00000000000000, 0.666182234256057, 1.00000000000000

0.666182234256057, 1.00000000000000, 0.666182234256057
1.00000000000000, 0.666182234256057, 1.00000000000000
0.666182234256057, 1.00000000000000, 0.666182234256057

1.00000000000000, 0.666182234256057, 1.00000000000000
0.666182234256057, 1.00000000000000, 0.666182234256057
1.00000000000000, 0.666182234256057, 1.00000000000000

0.666182234256057, 1.00000000000000, 0.666182234256057
1.00000000000000, 0.666182234256057, 1.00000000000000
0.666182234256057, 1.00000000000000, 0.666182234256057

1.00000000000000, 0.666182234256057, 1.00000000000000
0.666182234256057, 1.00000000000000, 0.666182234256057
1.00000000000000, 0.666182234256057, 1.00000000000000

0.666182234256057, 1.00000000000000, 0.666182234256057
1.00000000000000, 0.666182234256057, 1.00000000000000
0.666182234256057, 1.00000000000000, 0.666182234256057

1.00000000000000, 0.666182234256057, 1.00000000000000
0.666182234256057, 1.00000000000000, 0.666182234256057
1.00000000000000, 0.666182234256057, 1.00000000000000

0.666182234256057, 1.00000000000000, 0.666182234256057
1.00000000000000, 0.666182234256057, 1.00000000000000
0.666182234256057, 1.00000000000000, 0.666182234256057

1.00000000000000, 0.666182234256057, 1.00000000000000
0.666182234256057, 1.00000000000000, 0.666182234256057
1.00000000000000, 0.666182234256057, 1.00000000000000

0.666182234256057, 1.00000000000000, 0.666182234256057
1.00000000000000, 0.666182234256057, 1.00000000000000
0.666182234256057, 1.00000000000000, 0.666182234256057

1.00000000000000, 0.666182234256057, 1.00000000000000
0.666182234256057, 1.00000000000000, 0.666182234256057
1.00000000000000, 0.666182234256057, 1.00000000000000

0.666182234256057, 1.00000000000000, 0.666182234256057
1.00000000000000, 0.666182234256057, 1.00000000000000
0.666182234256057, 1.00000000000000, 0.666182234256057

1.00000000000000, 0.666182234256057, 1.00000000000000
0.666182234256057, 1.00000000000000, 0.666182234256057
1.00000000000000, 0.666182234256057, 1.00000000000000

0.666182234256057, 1.00000000000000, 0.666182234256057
1.00000000000000, 0.666182234256057, 1.00000000000000
0.666182234256057, 1.00000000000000, 0.666182234256057

1.00000000000000, 0.666182234256057, 1.00000000000000
0.666182234256057, 1.00000000000000, 0.666182234256057
1.00000000000000, 0.666182234256057, 1.00000000000000

0.666182234256057, 1.00000000000000, 0.666182234256057
1.00000000000000, 0.666182234256057, 1.00000000000000
0.666182234256057, 1.00000000000000, 0.666182234256057

1.00000000000000, 0.666182234256057, 1.00000000000000
0.666182234256057, 1.00000000000000, 0.666182234256057
1.00000000000000, 0.666182234256057, 1.00000000000000

0.666182234256057, 1.00000000000000, 0.666182234256057
1.00000000000000, 0.666182234256057, 1.00000000000000
0.666182234256057, 1.00000000000000, 0.666182234256057
 