Attribute names:	P0	P1	P2
Minor allele frequencies:	0.100	0.100	0.100
x: 0.875150319015905
y: 0.142660841539185
Prevalence: 0.921210862122005
Heritability: 0.0500000000000000

Table:

0.875150319015905, 1.00000000000000, 0.875150319015905
1.00000000000000, 0.875150319015905, 1.00000000000000
0.875150319015905, 1.00000000000000, 0.875150319015905

1.00000000000000, 0.875150319015905, 1.00000000000000
0.875150319015905, 1.00000000000000, 0.875150319015905
1.00000000000000, 0.875150319015905, 1.00000000000000

0.875150319015905, 1.00000000000000, 0.875150319015905
1.00000000000000, 0.875150319015905, 1.00000000000000
0.875150319015905, 1.00000000000000, 0.875150319015905
 