Attribute names:	P0	P1	P2	P3
Minor allele frequencies:	0.200	0.200	0.200	0.200
x: 0.979866551508925
y: 0.0205471331377430
Prevalence: 0.989764193443359
Heritability: 0.0100000000000000

Table:

0.979866551508925, 1.00000000000000, 0.979866551508925
1.00000000000000, 0.979866551508925, 1.00000000000000
0.979866551508925, 1.00000000000000, 0.979866551508925

1.00000000000000, 0.979866551508925, 1.00000000000000
0.979866551508925, 1.00000000000000, 0.979866551508925
1.00000000000000, 0.979866551508925, 1.00000000000000

0.979866551508925, 1.00000000000000, 0.979866551508925
1.00000000000000, 0.979866551508925, 1.00000000000000
0.979866551508925, 1.00000000000000, 0.979866551508925

1.00000000000000, 0.979866551508925, 1.00000000000000
0.979866551508925, 1.00000000000000, 0.979866551508925
1.00000000000000, 0.979866551508925, 1.00000000000000

0.979866551508925, 1.00000000000000, 0.979866551508925
1.00000000000000, 0.979866551508925, 1.00000000000000
0.979866551508925, 1.00000000000000, 0.979866551508925

1.00000000000000, 0.979866551508925, 1.00000000000000
0.979866551508925, 1.00000000000000, 0.979866551508925
1.00000000000000, 0.979866551508925, 1.00000000000000

0.979866551508925, 1.00000000000000, 0.979866551508925
1.00000000000000, 0.979866551508925, 1.00000000000000
0.979866551508925, 1.00000000000000, 0.979866551508925

1.00000000000000, 0.979866551508925, 1.00000000000000
0.979866551508925, 1.00000000000000, 0.979866551508925
1.00000000000000, 0.979866551508925, 1.00000000000000

0.979866551508925, 1.00000000000000, 0.979866551508925
1.00000000000000, 0.979866551508925, 1.00000000000000
0.979866551508925, 1.00000000000000, 0.979866551508925
 