Attribute names:	P0	P1	P2	P3	P4
Minor allele frequencies:	0.100	0.100	0.100	0.100	0.100
x: 0.977868750967692
y: 0.0226321262545792
Prevalence: 0.987746213098679
Heritability: 0.0100000000000000

Table:

0.977868750967692, 1.00000000000000, 0.977868750967692
1.00000000000000, 0.977868750967692, 1.00000000000000
0.977868750967692, 1.00000000000000, 0.977868750967692

1.00000000000000, 0.977868750967692, 1.00000000000000
0.977868750967692, 1.00000000000000, 0.977868750967692
1.00000000000000, 0.977868750967692, 1.00000000000000

0.977868750967692, 1.00000000000000, 0.977868750967692
1.00000000000000, 0.977868750967692, 1.00000000000000
0.977868750967692, 1.00000000000000, 0.977868750967692

1.00000000000000, 0.977868750967692, 1.00000000000000
0.977868750967692, 1.00000000000000, 0.977868750967692
1.00000000000000, 0.977868750967692, 1.00000000000000

0.977868750967692, 1.00000000000000, 0.977868750967692
1.00000000000000, 0.977868750967692, 1.00000000000000
0.977868750967692, 1.00000000000000, 0.977868750967692

1.00000000000000, 0.977868750967692, 1.00000000000000
0.977868750967692, 1.00000000000000, 0.977868750967692
1.00000000000000, 0.977868750967692, 1.00000000000000

0.977868750967692, 1.00000000000000, 0.977868750967692
1.00000000000000, 0.977868750967692, 1.00000000000000
0.977868750967692, 1.00000000000000, 0.977868750967692

1.00000000000000, 0.977868750967692, 1.00000000000000
0.977868750967692, 1.00000000000000, 0.977868750967692
1.00000000000000, 0.977868750967692, 1.00000000000000

0.977868750967692, 1.00000000000000, 0.977868750967692
1.00000000000000, 0.977868750967692, 1.00000000000000
0.977868750967692, 1.00000000000000, 0.977868750967692

1.00000000000000, 0.977868750967692, 1.00000000000000
0.977868750967692, 1.00000000000000, 0.977868750967692
1.00000000000000, 0.977868750967692, 1.00000000000000

0.977868750967692, 1.00000000000000, 0.977868750967692
1.00000000000000, 0.977868750967692, 1.00000000000000
0.977868750967692, 1.00000000000000, 0.977868750967692

1.00000000000000, 0.977868750967692, 1.00000000000000
0.977868750967692, 1.00000000000000, 0.977868750967692
1.00000000000000, 0.977868750967692, 1.00000000000000

0.977868750967692, 1.00000000000000, 0.977868750967692
1.00000000000000, 0.977868750967692, 1.00000000000000
0.977868750967692, 1.00000000000000, 0.977868750967692

1.00000000000000, 0.977868750967692, 1.00000000000000
0.977868750967692, 1.00000000000000, 0.977868750967692
1.00000000000000, 0.977868750967692, 1.00000000000000

0.977868750967692, 1.00000000000000, 0.977868750967692
1.00000000000000, 0.977868750967692, 1.00000000000000
0.977868750967692, 1.00000000000000, 0.977868750967692

1.00000000000000, 0.977868750967692, 1.00000000000000
0.977868750967692, 1.00000000000000, 0.977868750967692
1.00000000000000, 0.977868750967692, 1.00000000000000

0.977868750967692, 1.00000000000000, 0.977868750967692
1.00000000000000, 0.977868750967692, 1.00000000000000
0.977868750967692, 1.00000000000000, 0.977868750967692

1.00000000000000, 0.977868750967692, 1.00000000000000
0.977868750967692, 1.00000000000000, 0.977868750967692
1.00000000000000, 0.977868750967692, 1.00000000000000

0.977868750967692, 1.00000000000000, 0.977868750967692
1.00000000000000, 0.977868750967692, 1.00000000000000
0.977868750967692, 1.00000000000000, 0.977868750967692

1.00000000000000, 0.977868750967692, 1.00000000000000
0.977868750967692, 1.00000000000000, 0.977868750967692
1.00000000000000, 0.977868750967692, 1.00000000000000

0.977868750967692, 1.00000000000000, 0.977868750967692
1.00000000000000, 0.977868750967692, 1.00000000000000
0.977868750967692, 1.00000000000000, 0.977868750967692

1.00000000000000, 0.977868750967692, 1.00000000000000
0.977868750967692, 1.00000000000000, 0.977868750967692
1.00000000000000, 0.977868750967692, 1.00000000000000

0.977868750967692, 1.00000000000000, 0.977868750967692
1.00000000000000, 0.977868750967692, 1.00000000000000
0.977868750967692, 1.00000000000000, 0.977868750967692

1.00000000000000, 0.977868750967692, 1.00000000000000
0.977868750967692, 1.00000000000000, 0.977868750967692
1.00000000000000, 0.977868750967692, 1.00000000000000

0.977868750967692, 1.00000000000000, 0.977868750967692
1.00000000000000, 0.977868750967692, 1.00000000000000
0.977868750967692, 1.00000000000000, 0.977868750967692

1.00000000000000, 0.977868750967692, 1.00000000000000
0.977868750967692, 1.00000000000000, 0.977868750967692
1.00000000000000, 0.977868750967692, 1.00000000000000

0.977868750967692, 1.00000000000000, 0.977868750967692
1.00000000000000, 0.977868750967692, 1.00000000000000
0.977868750967692, 1.00000000000000, 0.977868750967692
 