Attribute names:	P0	P1	P2
Minor allele frequencies:	0.050	0.050	0.050
x: 0.816557871726441
y: 0.224652942094244
Prevalence: 0.859534601817306
Heritability: 0.0500000000000000

Table:

0.816557871726441, 1.00000000000000, 0.816557871726441
1.00000000000000, 0.816557871726441, 1.00000000000000
0.816557871726441, 1.00000000000000, 0.816557871726441

1.00000000000000, 0.816557871726441, 1.00000000000000
0.816557871726441, 1.00000000000000, 0.816557871726441
1.00000000000000, 0.816557871726441, 1.00000000000000

0.816557871726441, 1.00000000000000, 0.816557871726441
1.00000000000000, 0.816557871726441, 1.00000000000000
0.816557871726441, 1.00000000000000, 0.816557871726441
 