Attribute names:	P0	P1	P2
Minor allele frequencies:	0.050	0.050	0.050
x: 0.260037179431919
y: 2.84560393319376
Prevalence: 0.433395299053199
Heritability: 0.400000000000000

Table:

0.260037179431919, 1.00000000000000, 0.260037179431919
1.00000000000000, 0.260037179431919, 1.00000000000000
0.260037179431919, 1.00000000000000, 0.260037179431919

1.00000000000000, 0.260037179431919, 1.00000000000000
0.260037179431919, 1.00000000000000, 0.260037179431919
1.00000000000000, 0.260037179431919, 1.00000000000000

0.260037179431919, 1.00000000000000, 0.260037179431919
1.00000000000000, 0.260037179431919, 1.00000000000000
0.260037179431919, 1.00000000000000, 0.260037179431919
 