Attribute names:	P0	P1	P2	P3
Minor allele frequencies:	0.050	0.050	0.050	0.050
x: 0.965743890554638
y: 0.0354712152780882
Prevalence: 0.975498879348119
Heritability: 0.0100000000000000

Table:

0.965743890554638, 1.00000000000000, 0.965743890554638
1.00000000000000, 0.965743890554638, 1.00000000000000
0.965743890554638, 1.00000000000000, 0.965743890554638

1.00000000000000, 0.965743890554638, 1.00000000000000
0.965743890554638, 1.00000000000000, 0.965743890554638
1.00000000000000, 0.965743890554638, 1.00000000000000

0.965743890554638, 1.00000000000000, 0.965743890554638
1.00000000000000, 0.965743890554638, 1.00000000000000
0.965743890554638, 1.00000000000000, 0.965743890554638

1.00000000000000, 0.965743890554638, 1.00000000000000
0.965743890554638, 1.00000000000000, 0.965743890554638
1.00000000000000, 0.965743890554638, 1.00000000000000

0.965743890554638, 1.00000000000000, 0.965743890554638
1.00000000000000, 0.965743890554638, 1.00000000000000
0.965743890554638, 1.00000000000000, 0.965743890554638

1.00000000000000, 0.965743890554638, 1.00000000000000
0.965743890554638, 1.00000000000000, 0.965743890554638
1.00000000000000, 0.965743890554638, 1.00000000000000

0.965743890554638, 1.00000000000000, 0.965743890554638
1.00000000000000, 0.965743890554638, 1.00000000000000
0.965743890554638, 1.00000000000000, 0.965743890554638

1.00000000000000, 0.965743890554638, 1.00000000000000
0.965743890554638, 1.00000000000000, 0.965743890554638
1.00000000000000, 0.965743890554638, 1.00000000000000

0.965743890554638, 1.00000000000000, 0.965743890554638
1.00000000000000, 0.965743890554638, 1.00000000000000
0.965743890554638, 1.00000000000000, 0.965743890554638
 