Attribute names:	P0	P1	P2
Minor allele frequencies:	0.500	0.500	0.500
x: 0.428571428571429
y: 1.33333333333333
Prevalence: 0.714285714285714
Heritability: 0.400000000000000

Table:

0.428571428571429, 1.00000000000000, 0.428571428571429
1.00000000000000, 0.428571428571429, 1.00000000000000
0.428571428571429, 1.00000000000000, 0.428571428571429

1.00000000000000, 0.428571428571429, 1.00000000000000
0.428571428571429, 1.00000000000000, 0.428571428571429
1.00000000000000, 0.428571428571429, 1.00000000000000

0.428571428571429, 1.00000000000000, 0.428571428571429
1.00000000000000, 0.428571428571429, 1.00000000000000
0.428571428571429, 1.00000000000000, 0.428571428571429
 