Attribute names:	P0	P1	P2	P3	P4	P5
Minor allele frequencies:	0.050	0.050	0.050	0.050	0.050	0.050
x: 0.872072366569221
y: 0.146693827639618
Prevalence: 0.917970912178127
Heritability: 0.0500000000000000

Table:

0.872072366569221, 1.00000000000000, 0.872072366569221
1.00000000000000, 0.872072366569221, 1.00000000000000
0.872072366569221, 1.00000000000000, 0.872072366569221

1.00000000000000, 0.872072366569221, 1.00000000000000
0.872072366569221, 1.00000000000000, 0.872072366569221
1.00000000000000, 0.872072366569221, 1.00000000000000

0.872072366569221, 1.00000000000000, 0.872072366569221
1.00000000000000, 0.872072366569221, 1.00000000000000
0.872072366569221, 1.00000000000000, 0.872072366569221

1.00000000000000, 0.872072366569221, 1.00000000000000
0.872072366569221, 1.00000000000000, 0.872072366569221
1.00000000000000, 0.872072366569221, 1.00000000000000

0.872072366569221, 1.00000000000000, 0.872072366569221
1.00000000000000, 0.872072366569221, 1.00000000000000
0.872072366569221, 1.00000000000000, 0.872072366569221

1.00000000000000, 0.872072366569221, 1.00000000000000
0.872072366569221, 1.00000000000000, 0.872072366569221
1.00000000000000, 0.872072366569221, 1.00000000000000

0.872072366569221, 1.00000000000000, 0.872072366569221
1.00000000000000, 0.872072366569221, 1.00000000000000
0.872072366569221, 1.00000000000000, 0.872072366569221

1.00000000000000, 0.872072366569221, 1.00000000000000
0.872072366569221, 1.00000000000000, 0.872072366569221
1.00000000000000, 0.872072366569221, 1.00000000000000

0.872072366569221, 1.00000000000000, 0.872072366569221
1.00000000000000, 0.872072366569221, 1.00000000000000
0.872072366569221, 1.00000000000000, 0.872072366569221

1.00000000000000, 0.872072366569221, 1.00000000000000
0.872072366569221, 1.00000000000000, 0.872072366569221
1.00000000000000, 0.872072366569221, 1.00000000000000

0.872072366569221, 1.00000000000000, 0.872072366569221
1.00000000000000, 0.872072366569221, 1.00000000000000
0.872072366569221, 1.00000000000000, 0.872072366569221

1.00000000000000, 0.872072366569221, 1.00000000000000
0.872072366569221, 1.00000000000000, 0.872072366569221
1.00000000000000, 0.872072366569221, 1.00000000000000

0.872072366569221, 1.00000000000000, 0.872072366569221
1.00000000000000, 0.872072366569221, 1.00000000000000
0.872072366569221, 1.00000000000000, 0.872072366569221

1.00000000000000, 0.872072366569221, 1.00000000000000
0.872072366569221, 1.00000000000000, 0.872072366569221
1.00000000000000, 0.872072366569221, 1.00000000000000

0.872072366569221, 1.00000000000000, 0.872072366569221
1.00000000000000, 0.872072366569221, 1.00000000000000
0.872072366569221, 1.00000000000000, 0.872072366569221

1.00000000000000, 0.872072366569221, 1.00000000000000
0.872072366569221, 1.00000000000000, 0.872072366569221
1.00000000000000, 0.872072366569221, 1.00000000000000

0.872072366569221, 1.00000000000000, 0.872072366569221
1.00000000000000, 0.872072366569221, 1.00000000000000
0.872072366569221, 1.00000000000000, 0.872072366569221

1.00000000000000, 0.872072366569221, 1.00000000000000
0.872072366569221, 1.00000000000000, 0.872072366569221
1.00000000000000, 0.872072366569221, 1.00000000000000

0.872072366569221, 1.00000000000000, 0.872072366569221
1.00000000000000, 0.872072366569221, 1.00000000000000
0.872072366569221, 1.00000000000000, 0.872072366569221

1.00000000000000, 0.872072366569221, 1.00000000000000
0.872072366569221, 1.00000000000000, 0.872072366569221
1.00000000000000, 0.872072366569221, 1.00000000000000

0.872072366569221, 1.00000000000000, 0.872072366569221
1.00000000000000, 0.872072366569221, 1.00000000000000
0.872072366569221, 1.00000000000000, 0.872072366569221

1.00000000000000, 0.872072366569221, 1.00000000000000
0.872072366569221, 1.00000000000000, 0.872072366569221
1.00000000000000, 0.872072366569221, 1.00000000000000

0.872072366569221, 1.00000000000000, 0.872072366569221
1.00000000000000, 0.872072366569221, 1.00000000000000
0.872072366569221, 1.00000000000000, 0.872072366569221

1.00000000000000, 0.872072366569221, 1.00000000000000
0.872072366569221, 1.00000000000000, 0.872072366569221
1.00000000000000, 0.872072366569221, 1.00000000000000

0.872072366569221, 1.00000000000000, 0.872072366569221
1.00000000000000, 0.872072366569221, 1.00000000000000
0.872072366569221, 1.00000000000000, 0.872072366569221

1.00000000000000, 0.872072366569221, 1.00000000000000
0.872072366569221, 1.00000000000000, 0.872072366569221
1.00000000000000, 0.872072366569221, 1.00000000000000

0.872072366569221, 1.00000000000000, 0.872072366569221
1.00000000000000, 0.872072366569221, 1.00000000000000
0.872072366569221, 1.00000000000000, 0.872072366569221

1.00000000000000, 0.872072366569221, 1.00000000000000
0.872072366569221, 1.00000000000000, 0.872072366569221
1.00000000000000, 0.872072366569221, 1.00000000000000

0.872072366569221, 1.00000000000000, 0.872072366569221
1.00000000000000, 0.872072366569221, 1.00000000000000
0.872072366569221, 1.00000000000000, 0.872072366569221

1.00000000000000, 0.872072366569221, 1.00000000000000
0.872072366569221, 1.00000000000000, 0.872072366569221
1.00000000000000, 0.872072366569221, 1.00000000000000

0.872072366569221, 1.00000000000000, 0.872072366569221
1.00000000000000, 0.872072366569221, 1.00000000000000
0.872072366569221, 1.00000000000000, 0.872072366569221

1.00000000000000, 0.872072366569221, 1.00000000000000
0.872072366569221, 1.00000000000000, 0.872072366569221
1.00000000000000, 0.872072366569221, 1.00000000000000

0.872072366569221, 1.00000000000000, 0.872072366569221
1.00000000000000, 0.872072366569221, 1.00000000000000
0.872072366569221, 1.00000000000000, 0.872072366569221

1.00000000000000, 0.872072366569221, 1.00000000000000
0.872072366569221, 1.00000000000000, 0.872072366569221
1.00000000000000, 0.872072366569221, 1.00000000000000

0.872072366569221, 1.00000000000000, 0.872072366569221
1.00000000000000, 0.872072366569221, 1.00000000000000
0.872072366569221, 1.00000000000000, 0.872072366569221

1.00000000000000, 0.872072366569221, 1.00000000000000
0.872072366569221, 1.00000000000000, 0.872072366569221
1.00000000000000, 0.872072366569221, 1.00000000000000

0.872072366569221, 1.00000000000000, 0.872072366569221
1.00000000000000, 0.872072366569221, 1.00000000000000
0.872072366569221, 1.00000000000000, 0.872072366569221

1.00000000000000, 0.872072366569221, 1.00000000000000
0.872072366569221, 1.00000000000000, 0.872072366569221
1.00000000000000, 0.872072366569221, 1.00000000000000

0.872072366569221, 1.00000000000000, 0.872072366569221
1.00000000000000, 0.872072366569221, 1.00000000000000
0.872072366569221, 1.00000000000000, 0.872072366569221

1.00000000000000, 0.872072366569221, 1.00000000000000
0.872072366569221, 1.00000000000000, 0.872072366569221
1.00000000000000, 0.872072366569221, 1.00000000000000

0.872072366569221, 1.00000000000000, 0.872072366569221
1.00000000000000, 0.872072366569221, 1.00000000000000
0.872072366569221, 1.00000000000000, 0.872072366569221

1.00000000000000, 0.872072366569221, 1.00000000000000
0.872072366569221, 1.00000000000000, 0.872072366569221
1.00000000000000, 0.872072366569221, 1.00000000000000

0.872072366569221, 1.00000000000000, 0.872072366569221
1.00000000000000, 0.872072366569221, 1.00000000000000
0.872072366569221, 1.00000000000000, 0.872072366569221

1.00000000000000, 0.872072366569221, 1.00000000000000
0.872072366569221, 1.00000000000000, 0.872072366569221
1.00000000000000, 0.872072366569221, 1.00000000000000

0.872072366569221, 1.00000000000000, 0.872072366569221
1.00000000000000, 0.872072366569221, 1.00000000000000
0.872072366569221, 1.00000000000000, 0.872072366569221

1.00000000000000, 0.872072366569221, 1.00000000000000
0.872072366569221, 1.00000000000000, 0.872072366569221
1.00000000000000, 0.872072366569221, 1.00000000000000

0.872072366569221, 1.00000000000000, 0.872072366569221
1.00000000000000, 0.872072366569221, 1.00000000000000
0.872072366569221, 1.00000000000000, 0.872072366569221

1.00000000000000, 0.872072366569221, 1.00000000000000
0.872072366569221, 1.00000000000000, 0.872072366569221
1.00000000000000, 0.872072366569221, 1.00000000000000

0.872072366569221, 1.00000000000000, 0.872072366569221
1.00000000000000, 0.872072366569221, 1.00000000000000
0.872072366569221, 1.00000000000000, 0.872072366569221

1.00000000000000, 0.872072366569221, 1.00000000000000
0.872072366569221, 1.00000000000000, 0.872072366569221
1.00000000000000, 0.872072366569221, 1.00000000000000

0.872072366569221, 1.00000000000000, 0.872072366569221
1.00000000000000, 0.872072366569221, 1.00000000000000
0.872072366569221, 1.00000000000000, 0.872072366569221

1.00000000000000, 0.872072366569221, 1.00000000000000
0.872072366569221, 1.00000000000000, 0.872072366569221
1.00000000000000, 0.872072366569221, 1.00000000000000

0.872072366569221, 1.00000000000000, 0.872072366569221
1.00000000000000, 0.872072366569221, 1.00000000000000
0.872072366569221, 1.00000000000000, 0.872072366569221

1.00000000000000, 0.872072366569221, 1.00000000000000
0.872072366569221, 1.00000000000000, 0.872072366569221
1.00000000000000, 0.872072366569221, 1.00000000000000

0.872072366569221, 1.00000000000000, 0.872072366569221
1.00000000000000, 0.872072366569221, 1.00000000000000
0.872072366569221, 1.00000000000000, 0.872072366569221

1.00000000000000, 0.872072366569221, 1.00000000000000
0.872072366569221, 1.00000000000000, 0.872072366569221
1.00000000000000, 0.872072366569221, 1.00000000000000

0.872072366569221, 1.00000000000000, 0.872072366569221
1.00000000000000, 0.872072366569221, 1.00000000000000
0.872072366569221, 1.00000000000000, 0.872072366569221

1.00000000000000, 0.872072366569221, 1.00000000000000
0.872072366569221, 1.00000000000000, 0.872072366569221
1.00000000000000, 0.872072366569221, 1.00000000000000

0.872072366569221, 1.00000000000000, 0.872072366569221
1.00000000000000, 0.872072366569221, 1.00000000000000
0.872072366569221, 1.00000000000000, 0.872072366569221

1.00000000000000, 0.872072366569221, 1.00000000000000
0.872072366569221, 1.00000000000000, 0.872072366569221
1.00000000000000, 0.872072366569221, 1.00000000000000

0.872072366569221, 1.00000000000000, 0.872072366569221
1.00000000000000, 0.872072366569221, 1.00000000000000
0.872072366569221, 1.00000000000000, 0.872072366569221

1.00000000000000, 0.872072366569221, 1.00000000000000
0.872072366569221, 1.00000000000000, 0.872072366569221
1.00000000000000, 0.872072366569221, 1.00000000000000

0.872072366569221, 1.00000000000000, 0.872072366569221
1.00000000000000, 0.872072366569221, 1.00000000000000
0.872072366569221, 1.00000000000000, 0.872072366569221

1.00000000000000, 0.872072366569221, 1.00000000000000
0.872072366569221, 1.00000000000000, 0.872072366569221
1.00000000000000, 0.872072366569221, 1.00000000000000

0.872072366569221, 1.00000000000000, 0.872072366569221
1.00000000000000, 0.872072366569221, 1.00000000000000
0.872072366569221, 1.00000000000000, 0.872072366569221

1.00000000000000, 0.872072366569221, 1.00000000000000
0.872072366569221, 1.00000000000000, 0.872072366569221
1.00000000000000, 0.872072366569221, 1.00000000000000

0.872072366569221, 1.00000000000000, 0.872072366569221
1.00000000000000, 0.872072366569221, 1.00000000000000
0.872072366569221, 1.00000000000000, 0.872072366569221

1.00000000000000, 0.872072366569221, 1.00000000000000
0.872072366569221, 1.00000000000000, 0.872072366569221
1.00000000000000, 0.872072366569221, 1.00000000000000

0.872072366569221, 1.00000000000000, 0.872072366569221
1.00000000000000, 0.872072366569221, 1.00000000000000
0.872072366569221, 1.00000000000000, 0.872072366569221

1.00000000000000, 0.872072366569221, 1.00000000000000
0.872072366569221, 1.00000000000000, 0.872072366569221
1.00000000000000, 0.872072366569221, 1.00000000000000

0.872072366569221, 1.00000000000000, 0.872072366569221
1.00000000000000, 0.872072366569221, 1.00000000000000
0.872072366569221, 1.00000000000000, 0.872072366569221

1.00000000000000, 0.872072366569221, 1.00000000000000
0.872072366569221, 1.00000000000000, 0.872072366569221
1.00000000000000, 0.872072366569221, 1.00000000000000

0.872072366569221, 1.00000000000000, 0.872072366569221
1.00000000000000, 0.872072366569221, 1.00000000000000
0.872072366569221, 1.00000000000000, 0.872072366569221

1.00000000000000, 0.872072366569221, 1.00000000000000
0.872072366569221, 1.00000000000000, 0.872072366569221
1.00000000000000, 0.872072366569221, 1.00000000000000

0.872072366569221, 1.00000000000000, 0.872072366569221
1.00000000000000, 0.872072366569221, 1.00000000000000
0.872072366569221, 1.00000000000000, 0.872072366569221

1.00000000000000, 0.872072366569221, 1.00000000000000
0.872072366569221, 1.00000000000000, 0.872072366569221
1.00000000000000, 0.872072366569221, 1.00000000000000

0.872072366569221, 1.00000000000000, 0.872072366569221
1.00000000000000, 0.872072366569221, 1.00000000000000
0.872072366569221, 1.00000000000000, 0.872072366569221

1.00000000000000, 0.872072366569221, 1.00000000000000
0.872072366569221, 1.00000000000000, 0.872072366569221
1.00000000000000, 0.872072366569221, 1.00000000000000

0.872072366569221, 1.00000000000000, 0.872072366569221
1.00000000000000, 0.872072366569221, 1.00000000000000
0.872072366569221, 1.00000000000000, 0.872072366569221

1.00000000000000, 0.872072366569221, 1.00000000000000
0.872072366569221, 1.00000000000000, 0.872072366569221
1.00000000000000, 0.872072366569221, 1.00000000000000

0.872072366569221, 1.00000000000000, 0.872072366569221
1.00000000000000, 0.872072366569221, 1.00000000000000
0.872072366569221, 1.00000000000000, 0.872072366569221
 