Attribute names:	P0	P1	P2	P3
Minor allele frequencies:	0.100	0.100	0.100	0.100
x: 0.976300665726055
y: 0.0242746267680978
Prevalence: 0.986162288612177
Heritability: 0.0100000000000000

Table:

0.976300665726055, 1.00000000000000, 0.976300665726055
1.00000000000000, 0.976300665726055, 1.00000000000000
0.976300665726055, 1.00000000000000, 0.976300665726055

1.00000000000000, 0.976300665726055, 1.00000000000000
0.976300665726055, 1.00000000000000, 0.976300665726055
1.00000000000000, 0.976300665726055, 1.00000000000000

0.976300665726055, 1.00000000000000, 0.976300665726055
1.00000000000000, 0.976300665726055, 1.00000000000000
0.976300665726055, 1.00000000000000, 0.976300665726055

1.00000000000000, 0.976300665726055, 1.00000000000000
0.976300665726055, 1.00000000000000, 0.976300665726055
1.00000000000000, 0.976300665726055, 1.00000000000000

0.976300665726055, 1.00000000000000, 0.976300665726055
1.00000000000000, 0.976300665726055, 1.00000000000000
0.976300665726055, 1.00000000000000, 0.976300665726055

1.00000000000000, 0.976300665726055, 1.00000000000000
0.976300665726055, 1.00000000000000, 0.976300665726055
1.00000000000000, 0.976300665726055, 1.00000000000000

0.976300665726055, 1.00000000000000, 0.976300665726055
1.00000000000000, 0.976300665726055, 1.00000000000000
0.976300665726055, 1.00000000000000, 0.976300665726055

1.00000000000000, 0.976300665726055, 1.00000000000000
0.976300665726055, 1.00000000000000, 0.976300665726055
1.00000000000000, 0.976300665726055, 1.00000000000000

0.976300665726055, 1.00000000000000, 0.976300665726055
1.00000000000000, 0.976300665726055, 1.00000000000000
0.976300665726055, 1.00000000000000, 0.976300665726055
 