Attribute names:	P0	P1	P2	P3	P4	P5
Minor allele frequencies:	0.100	0.100	0.100	0.100	0.100	0.100
x: 0.411231486794524
y: 1.43172041079544
Prevalence: 0.685385811324206
Heritability: 0.400000000000000

Table:

0.411231486794524, 1.00000000000000, 0.411231486794524
1.00000000000000, 0.411231486794524, 1.00000000000000
0.411231486794524, 1.00000000000000, 0.411231486794524

1.00000000000000, 0.411231486794524, 1.00000000000000
0.411231486794524, 1.00000000000000, 0.411231486794524
1.00000000000000, 0.411231486794524, 1.00000000000000

0.411231486794524, 1.00000000000000, 0.411231486794524
1.00000000000000, 0.411231486794524, 1.00000000000000
0.411231486794524, 1.00000000000000, 0.411231486794524

1.00000000000000, 0.411231486794524, 1.00000000000000
0.411231486794524, 1.00000000000000, 0.411231486794524
1.00000000000000, 0.411231486794524, 1.00000000000000

0.411231486794524, 1.00000000000000, 0.411231486794524
1.00000000000000, 0.411231486794524, 1.00000000000000
0.411231486794524, 1.00000000000000, 0.411231486794524

1.00000000000000, 0.411231486794524, 1.00000000000000
0.411231486794524, 1.00000000000000, 0.411231486794524
1.00000000000000, 0.411231486794524, 1.00000000000000

0.411231486794524, 1.00000000000000, 0.411231486794524
1.00000000000000, 0.411231486794524, 1.00000000000000
0.411231486794524, 1.00000000000000, 0.411231486794524

1.00000000000000, 0.411231486794524, 1.00000000000000
0.411231486794524, 1.00000000000000, 0.411231486794524
1.00000000000000, 0.411231486794524, 1.00000000000000

0.411231486794524, 1.00000000000000, 0.411231486794524
1.00000000000000, 0.411231486794524, 1.00000000000000
0.411231486794524, 1.00000000000000, 0.411231486794524

1.00000000000000, 0.411231486794524, 1.00000000000000
0.411231486794524, 1.00000000000000, 0.411231486794524
1.00000000000000, 0.411231486794524, 1.00000000000000

0.411231486794524, 1.00000000000000, 0.411231486794524
1.00000000000000, 0.411231486794524, 1.00000000000000
0.411231486794524, 1.00000000000000, 0.411231486794524

1.00000000000000, 0.411231486794524, 1.00000000000000
0.411231486794524, 1.00000000000000, 0.411231486794524
1.00000000000000, 0.411231486794524, 1.00000000000000

0.411231486794524, 1.00000000000000, 0.411231486794524
1.00000000000000, 0.411231486794524, 1.00000000000000
0.411231486794524, 1.00000000000000, 0.411231486794524

1.00000000000000, 0.411231486794524, 1.00000000000000
0.411231486794524, 1.00000000000000, 0.411231486794524
1.00000000000000, 0.411231486794524, 1.00000000000000

0.411231486794524, 1.00000000000000, 0.411231486794524
1.00000000000000, 0.411231486794524, 1.00000000000000
0.411231486794524, 1.00000000000000, 0.411231486794524

1.00000000000000, 0.411231486794524, 1.00000000000000
0.411231486794524, 1.00000000000000, 0.411231486794524
1.00000000000000, 0.411231486794524, 1.00000000000000

0.411231486794524, 1.00000000000000, 0.411231486794524
1.00000000000000, 0.411231486794524, 1.00000000000000
0.411231486794524, 1.00000000000000, 0.411231486794524

1.00000000000000, 0.411231486794524, 1.00000000000000
0.411231486794524, 1.00000000000000, 0.411231486794524
1.00000000000000, 0.411231486794524, 1.00000000000000

0.411231486794524, 1.00000000000000, 0.411231486794524
1.00000000000000, 0.411231486794524, 1.00000000000000
0.411231486794524, 1.00000000000000, 0.411231486794524

1.00000000000000, 0.411231486794524, 1.00000000000000
0.411231486794524, 1.00000000000000, 0.411231486794524
1.00000000000000, 0.411231486794524, 1.00000000000000

0.411231486794524, 1.00000000000000, 0.411231486794524
1.00000000000000, 0.411231486794524, 1.00000000000000
0.411231486794524, 1.00000000000000, 0.411231486794524

1.00000000000000, 0.411231486794524, 1.00000000000000
0.411231486794524, 1.00000000000000, 0.411231486794524
1.00000000000000, 0.411231486794524, 1.00000000000000

0.411231486794524, 1.00000000000000, 0.411231486794524
1.00000000000000, 0.411231486794524, 1.00000000000000
0.411231486794524, 1.00000000000000, 0.411231486794524

1.00000000000000, 0.411231486794524, 1.00000000000000
0.411231486794524, 1.00000000000000, 0.411231486794524
1.00000000000000, 0.411231486794524, 1.00000000000000

0.411231486794524, 1.00000000000000, 0.411231486794524
1.00000000000000, 0.411231486794524, 1.00000000000000
0.411231486794524, 1.00000000000000, 0.411231486794524

1.00000000000000, 0.411231486794524, 1.00000000000000
0.411231486794524, 1.00000000000000, 0.411231486794524
1.00000000000000, 0.411231486794524, 1.00000000000000

0.411231486794524, 1.00000000000000, 0.411231486794524
1.00000000000000, 0.411231486794524, 1.00000000000000
0.411231486794524, 1.00000000000000, 0.411231486794524

1.00000000000000, 0.411231486794524, 1.00000000000000
0.411231486794524, 1.00000000000000, 0.411231486794524
1.00000000000000, 0.411231486794524, 1.00000000000000

0.411231486794524, 1.00000000000000, 0.411231486794524
1.00000000000000, 0.411231486794524, 1.00000000000000
0.411231486794524, 1.00000000000000, 0.411231486794524

1.00000000000000, 0.411231486794524, 1.00000000000000
0.411231486794524, 1.00000000000000, 0.411231486794524
1.00000000000000, 0.411231486794524, 1.00000000000000

0.411231486794524, 1.00000000000000, 0.411231486794524
1.00000000000000, 0.411231486794524, 1.00000000000000
0.411231486794524, 1.00000000000000, 0.411231486794524

1.00000000000000, 0.411231486794524, 1.00000000000000
0.411231486794524, 1.00000000000000, 0.411231486794524
1.00000000000000, 0.411231486794524, 1.00000000000000

0.411231486794524, 1.00000000000000, 0.411231486794524
1.00000000000000, 0.411231486794524, 1.00000000000000
0.411231486794524, 1.00000000000000, 0.411231486794524

1.00000000000000, 0.411231486794524, 1.00000000000000
0.411231486794524, 1.00000000000000, 0.411231486794524
1.00000000000000, 0.411231486794524, 1.00000000000000

0.411231486794524, 1.00000000000000, 0.411231486794524
1.00000000000000, 0.411231486794524, 1.00000000000000
0.411231486794524, 1.00000000000000, 0.411231486794524

1.00000000000000, 0.411231486794524, 1.00000000000000
0.411231486794524, 1.00000000000000, 0.411231486794524
1.00000000000000, 0.411231486794524, 1.00000000000000

0.411231486794524, 1.00000000000000, 0.411231486794524
1.00000000000000, 0.411231486794524, 1.00000000000000
0.411231486794524, 1.00000000000000, 0.411231486794524

1.00000000000000, 0.411231486794524, 1.00000000000000
0.411231486794524, 1.00000000000000, 0.411231486794524
1.00000000000000, 0.411231486794524, 1.00000000000000

0.411231486794524, 1.00000000000000, 0.411231486794524
1.00000000000000, 0.411231486794524, 1.00000000000000
0.411231486794524, 1.00000000000000, 0.411231486794524

1.00000000000000, 0.411231486794524, 1.00000000000000
0.411231486794524, 1.00000000000000, 0.411231486794524
1.00000000000000, 0.411231486794524, 1.00000000000000

0.411231486794524, 1.00000000000000, 0.411231486794524
1.00000000000000, 0.411231486794524, 1.00000000000000
0.411231486794524, 1.00000000000000, 0.411231486794524

1.00000000000000, 0.411231486794524, 1.00000000000000
0.411231486794524, 1.00000000000000, 0.411231486794524
1.00000000000000, 0.411231486794524, 1.00000000000000

0.411231486794524, 1.00000000000000, 0.411231486794524
1.00000000000000, 0.411231486794524, 1.00000000000000
0.411231486794524, 1.00000000000000, 0.411231486794524

1.00000000000000, 0.411231486794524, 1.00000000000000
0.411231486794524, 1.00000000000000, 0.411231486794524
1.00000000000000, 0.411231486794524, 1.00000000000000

0.411231486794524, 1.00000000000000, 0.411231486794524
1.00000000000000, 0.411231486794524, 1.00000000000000
0.411231486794524, 1.00000000000000, 0.411231486794524

1.00000000000000, 0.411231486794524, 1.00000000000000
0.411231486794524, 1.00000000000000, 0.411231486794524
1.00000000000000, 0.411231486794524, 1.00000000000000

0.411231486794524, 1.00000000000000, 0.411231486794524
1.00000000000000, 0.411231486794524, 1.00000000000000
0.411231486794524, 1.00000000000000, 0.411231486794524

1.00000000000000, 0.411231486794524, 1.00000000000000
0.411231486794524, 1.00000000000000, 0.411231486794524
1.00000000000000, 0.411231486794524, 1.00000000000000

0.411231486794524, 1.00000000000000, 0.411231486794524
1.00000000000000, 0.411231486794524, 1.00000000000000
0.411231486794524, 1.00000000000000, 0.411231486794524

1.00000000000000, 0.411231486794524, 1.00000000000000
0.411231486794524, 1.00000000000000, 0.411231486794524
1.00000000000000, 0.411231486794524, 1.00000000000000

0.411231486794524, 1.00000000000000, 0.411231486794524
1.00000000000000, 0.411231486794524, 1.00000000000000
0.411231486794524, 1.00000000000000, 0.411231486794524

1.00000000000000, 0.411231486794524, 1.00000000000000
0.411231486794524, 1.00000000000000, 0.411231486794524
1.00000000000000, 0.411231486794524, 1.00000000000000

0.411231486794524, 1.00000000000000, 0.411231486794524
1.00000000000000, 0.411231486794524, 1.00000000000000
0.411231486794524, 1.00000000000000, 0.411231486794524

1.00000000000000, 0.411231486794524, 1.00000000000000
0.411231486794524, 1.00000000000000, 0.411231486794524
1.00000000000000, 0.411231486794524, 1.00000000000000

0.411231486794524, 1.00000000000000, 0.411231486794524
1.00000000000000, 0.411231486794524, 1.00000000000000
0.411231486794524, 1.00000000000000, 0.411231486794524

1.00000000000000, 0.411231486794524, 1.00000000000000
0.411231486794524, 1.00000000000000, 0.411231486794524
1.00000000000000, 0.411231486794524, 1.00000000000000

0.411231486794524, 1.00000000000000, 0.411231486794524
1.00000000000000, 0.411231486794524, 1.00000000000000
0.411231486794524, 1.00000000000000, 0.411231486794524

1.00000000000000, 0.411231486794524, 1.00000000000000
0.411231486794524, 1.00000000000000, 0.411231486794524
1.00000000000000, 0.411231486794524, 1.00000000000000

0.411231486794524, 1.00000000000000, 0.411231486794524
1.00000000000000, 0.411231486794524, 1.00000000000000
0.411231486794524, 1.00000000000000, 0.411231486794524

1.00000000000000, 0.411231486794524, 1.00000000000000
0.411231486794524, 1.00000000000000, 0.411231486794524
1.00000000000000, 0.411231486794524, 1.00000000000000

0.411231486794524, 1.00000000000000, 0.411231486794524
1.00000000000000, 0.411231486794524, 1.00000000000000
0.411231486794524, 1.00000000000000, 0.411231486794524

1.00000000000000, 0.411231486794524, 1.00000000000000
0.411231486794524, 1.00000000000000, 0.411231486794524
1.00000000000000, 0.411231486794524, 1.00000000000000

0.411231486794524, 1.00000000000000, 0.411231486794524
1.00000000000000, 0.411231486794524, 1.00000000000000
0.411231486794524, 1.00000000000000, 0.411231486794524

1.00000000000000, 0.411231486794524, 1.00000000000000
0.411231486794524, 1.00000000000000, 0.411231486794524
1.00000000000000, 0.411231486794524, 1.00000000000000

0.411231486794524, 1.00000000000000, 0.411231486794524
1.00000000000000, 0.411231486794524, 1.00000000000000
0.411231486794524, 1.00000000000000, 0.411231486794524

1.00000000000000, 0.411231486794524, 1.00000000000000
0.411231486794524, 1.00000000000000, 0.411231486794524
1.00000000000000, 0.411231486794524, 1.00000000000000

0.411231486794524, 1.00000000000000, 0.411231486794524
1.00000000000000, 0.411231486794524, 1.00000000000000
0.411231486794524, 1.00000000000000, 0.411231486794524

1.00000000000000, 0.411231486794524, 1.00000000000000
0.411231486794524, 1.00000000000000, 0.411231486794524
1.00000000000000, 0.411231486794524, 1.00000000000000

0.411231486794524, 1.00000000000000, 0.411231486794524
1.00000000000000, 0.411231486794524, 1.00000000000000
0.411231486794524, 1.00000000000000, 0.411231486794524

1.00000000000000, 0.411231486794524, 1.00000000000000
0.411231486794524, 1.00000000000000, 0.411231486794524
1.00000000000000, 0.411231486794524, 1.00000000000000

0.411231486794524, 1.00000000000000, 0.411231486794524
1.00000000000000, 0.411231486794524, 1.00000000000000
0.411231486794524, 1.00000000000000, 0.411231486794524

1.00000000000000, 0.411231486794524, 1.00000000000000
0.411231486794524, 1.00000000000000, 0.411231486794524
1.00000000000000, 0.411231486794524, 1.00000000000000

0.411231486794524, 1.00000000000000, 0.411231486794524
1.00000000000000, 0.411231486794524, 1.00000000000000
0.411231486794524, 1.00000000000000, 0.411231486794524

1.00000000000000, 0.411231486794524, 1.00000000000000
0.411231486794524, 1.00000000000000, 0.411231486794524
1.00000000000000, 0.411231486794524, 1.00000000000000

0.411231486794524, 1.00000000000000, 0.411231486794524
1.00000000000000, 0.411231486794524, 1.00000000000000
0.411231486794524, 1.00000000000000, 0.411231486794524

1.00000000000000, 0.411231486794524, 1.00000000000000
0.411231486794524, 1.00000000000000, 0.411231486794524
1.00000000000000, 0.411231486794524, 1.00000000000000

0.411231486794524, 1.00000000000000, 0.411231486794524
1.00000000000000, 0.411231486794524, 1.00000000000000
0.411231486794524, 1.00000000000000, 0.411231486794524

1.00000000000000, 0.411231486794524, 1.00000000000000
0.411231486794524, 1.00000000000000, 0.411231486794524
1.00000000000000, 0.411231486794524, 1.00000000000000

0.411231486794524, 1.00000000000000, 0.411231486794524
1.00000000000000, 0.411231486794524, 1.00000000000000
0.411231486794524, 1.00000000000000, 0.411231486794524

1.00000000000000, 0.411231486794524, 1.00000000000000
0.411231486794524, 1.00000000000000, 0.411231486794524
1.00000000000000, 0.411231486794524, 1.00000000000000

0.411231486794524, 1.00000000000000, 0.411231486794524
1.00000000000000, 0.411231486794524, 1.00000000000000
0.411231486794524, 1.00000000000000, 0.411231486794524
 