Attribute names:	P0	P1	P2	P3	P4
Minor allele frequencies:	0.200	0.200	0.200	0.200	0.200
x: 0.980079956040082
y: 0.0203249172041051
Prevalence: 0.989979753575841
Heritability: 0.0100000000000000

Table:

0.980079956040082, 1.00000000000000, 0.980079956040082
1.00000000000000, 0.980079956040082, 1.00000000000000
0.980079956040082, 1.00000000000000, 0.980079956040082

1.00000000000000, 0.980079956040082, 1.00000000000000
0.980079956040082, 1.00000000000000, 0.980079956040082
1.00000000000000, 0.980079956040082, 1.00000000000000

0.980079956040082, 1.00000000000000, 0.980079956040082
1.00000000000000, 0.980079956040082, 1.00000000000000
0.980079956040082, 1.00000000000000, 0.980079956040082

1.00000000000000, 0.980079956040082, 1.00000000000000
0.980079956040082, 1.00000000000000, 0.980079956040082
1.00000000000000, 0.980079956040082, 1.00000000000000

0.980079956040082, 1.00000000000000, 0.980079956040082
1.00000000000000, 0.980079956040082, 1.00000000000000
0.980079956040082, 1.00000000000000, 0.980079956040082

1.00000000000000, 0.980079956040082, 1.00000000000000
0.980079956040082, 1.00000000000000, 0.980079956040082
1.00000000000000, 0.980079956040082, 1.00000000000000

0.980079956040082, 1.00000000000000, 0.980079956040082
1.00000000000000, 0.980079956040082, 1.00000000000000
0.980079956040082, 1.00000000000000, 0.980079956040082

1.00000000000000, 0.980079956040082, 1.00000000000000
0.980079956040082, 1.00000000000000, 0.980079956040082
1.00000000000000, 0.980079956040082, 1.00000000000000

0.980079956040082, 1.00000000000000, 0.980079956040082
1.00000000000000, 0.980079956040082, 1.00000000000000
0.980079956040082, 1.00000000000000, 0.980079956040082

1.00000000000000, 0.980079956040082, 1.00000000000000
0.980079956040082, 1.00000000000000, 0.980079956040082
1.00000000000000, 0.980079956040082, 1.00000000000000

0.980079956040082, 1.00000000000000, 0.980079956040082
1.00000000000000, 0.980079956040082, 1.00000000000000
0.980079956040082, 1.00000000000000, 0.980079956040082

1.00000000000000, 0.980079956040082, 1.00000000000000
0.980079956040082, 1.00000000000000, 0.980079956040082
1.00000000000000, 0.980079956040082, 1.00000000000000

0.980079956040082, 1.00000000000000, 0.980079956040082
1.00000000000000, 0.980079956040082, 1.00000000000000
0.980079956040082, 1.00000000000000, 0.980079956040082

1.00000000000000, 0.980079956040082, 1.00000000000000
0.980079956040082, 1.00000000000000, 0.980079956040082
1.00000000000000, 0.980079956040082, 1.00000000000000

0.980079956040082, 1.00000000000000, 0.980079956040082
1.00000000000000, 0.980079956040082, 1.00000000000000
0.980079956040082, 1.00000000000000, 0.980079956040082

1.00000000000000, 0.980079956040082, 1.00000000000000
0.980079956040082, 1.00000000000000, 0.980079956040082
1.00000000000000, 0.980079956040082, 1.00000000000000

0.980079956040082, 1.00000000000000, 0.980079956040082
1.00000000000000, 0.980079956040082, 1.00000000000000
0.980079956040082, 1.00000000000000, 0.980079956040082

1.00000000000000, 0.980079956040082, 1.00000000000000
0.980079956040082, 1.00000000000000, 0.980079956040082
1.00000000000000, 0.980079956040082, 1.00000000000000

0.980079956040082, 1.00000000000000, 0.980079956040082
1.00000000000000, 0.980079956040082, 1.00000000000000
0.980079956040082, 1.00000000000000, 0.980079956040082

1.00000000000000, 0.980079956040082, 1.00000000000000
0.980079956040082, 1.00000000000000, 0.980079956040082
1.00000000000000, 0.980079956040082, 1.00000000000000

0.980079956040082, 1.00000000000000, 0.980079956040082
1.00000000000000, 0.980079956040082, 1.00000000000000
0.980079956040082, 1.00000000000000, 0.980079956040082

1.00000000000000, 0.980079956040082, 1.00000000000000
0.980079956040082, 1.00000000000000, 0.980079956040082
1.00000000000000, 0.980079956040082, 1.00000000000000

0.980079956040082, 1.00000000000000, 0.980079956040082
1.00000000000000, 0.980079956040082, 1.00000000000000
0.980079956040082, 1.00000000000000, 0.980079956040082

1.00000000000000, 0.980079956040082, 1.00000000000000
0.980079956040082, 1.00000000000000, 0.980079956040082
1.00000000000000, 0.980079956040082, 1.00000000000000

0.980079956040082, 1.00000000000000, 0.980079956040082
1.00000000000000, 0.980079956040082, 1.00000000000000
0.980079956040082, 1.00000000000000, 0.980079956040082

1.00000000000000, 0.980079956040082, 1.00000000000000
0.980079956040082, 1.00000000000000, 0.980079956040082
1.00000000000000, 0.980079956040082, 1.00000000000000

0.980079956040082, 1.00000000000000, 0.980079956040082
1.00000000000000, 0.980079956040082, 1.00000000000000
0.980079956040082, 1.00000000000000, 0.980079956040082
 