Attribute names:	P0	P1	P2
Minor allele frequencies:	0.200	0.200	0.200
x: 0.416912340933687
y: 1.39858575008951
Prevalence: 0.694853901556145
Heritability: 0.400000000000000

Table:

0.416912340933687, 1.00000000000000, 0.416912340933687
1.00000000000000, 0.416912340933687, 1.00000000000000
0.416912340933687, 1.00000000000000, 0.416912340933687

1.00000000000000, 0.416912340933687, 1.00000000000000
0.416912340933687, 1.00000000000000, 0.416912340933687
1.00000000000000, 0.416912340933687, 1.00000000000000

0.416912340933687, 1.00000000000000, 0.416912340933687
1.00000000000000, 0.416912340933687, 1.00000000000000
0.416912340933687, 1.00000000000000, 0.416912340933687
 