Attribute names:	P0	P1	P2	P3	P4
Minor allele frequencies:	0.200	0.200	0.200	0.200	0.200
x: 0.427086776923746
y: 1.34144453547094
Prevalence: 0.711811294872910
Heritability: 0.400000000000000

Table:

0.427086776923746, 1.00000000000000, 0.427086776923746
1.00000000000000, 0.427086776923746, 1.00000000000000
0.427086776923746, 1.00000000000000, 0.427086776923746

1.00000000000000, 0.427086776923746, 1.00000000000000
0.427086776923746, 1.00000000000000, 0.427086776923746
1.00000000000000, 0.427086776923746, 1.00000000000000

0.427086776923746, 1.00000000000000, 0.427086776923746
1.00000000000000, 0.427086776923746, 1.00000000000000
0.427086776923746, 1.00000000000000, 0.427086776923746

1.00000000000000, 0.427086776923746, 1.00000000000000
0.427086776923746, 1.00000000000000, 0.427086776923746
1.00000000000000, 0.427086776923746, 1.00000000000000

0.427086776923746, 1.00000000000000, 0.427086776923746
1.00000000000000, 0.427086776923746, 1.00000000000000
0.427086776923746, 1.00000000000000, 0.427086776923746

1.00000000000000, 0.427086776923746, 1.00000000000000
0.427086776923746, 1.00000000000000, 0.427086776923746
1.00000000000000, 0.427086776923746, 1.00000000000000

0.427086776923746, 1.00000000000000, 0.427086776923746
1.00000000000000, 0.427086776923746, 1.00000000000000
0.427086776923746, 1.00000000000000, 0.427086776923746

1.00000000000000, 0.427086776923746, 1.00000000000000
0.427086776923746, 1.00000000000000, 0.427086776923746
1.00000000000000, 0.427086776923746, 1.00000000000000

0.427086776923746, 1.00000000000000, 0.427086776923746
1.00000000000000, 0.427086776923746, 1.00000000000000
0.427086776923746, 1.00000000000000, 0.427086776923746

1.00000000000000, 0.427086776923746, 1.00000000000000
0.427086776923746, 1.00000000000000, 0.427086776923746
1.00000000000000, 0.427086776923746, 1.00000000000000

0.427086776923746, 1.00000000000000, 0.427086776923746
1.00000000000000, 0.427086776923746, 1.00000000000000
0.427086776923746, 1.00000000000000, 0.427086776923746

1.00000000000000, 0.427086776923746, 1.00000000000000
0.427086776923746, 1.00000000000000, 0.427086776923746
1.00000000000000, 0.427086776923746, 1.00000000000000

0.427086776923746, 1.00000000000000, 0.427086776923746
1.00000000000000, 0.427086776923746, 1.00000000000000
0.427086776923746, 1.00000000000000, 0.427086776923746

1.00000000000000, 0.427086776923746, 1.00000000000000
0.427086776923746, 1.00000000000000, 0.427086776923746
1.00000000000000, 0.427086776923746, 1.00000000000000

0.427086776923746, 1.00000000000000, 0.427086776923746
1.00000000000000, 0.427086776923746, 1.00000000000000
0.427086776923746, 1.00000000000000, 0.427086776923746

1.00000000000000, 0.427086776923746, 1.00000000000000
0.427086776923746, 1.00000000000000, 0.427086776923746
1.00000000000000, 0.427086776923746, 1.00000000000000

0.427086776923746, 1.00000000000000, 0.427086776923746
1.00000000000000, 0.427086776923746, 1.00000000000000
0.427086776923746, 1.00000000000000, 0.427086776923746

1.00000000000000, 0.427086776923746, 1.00000000000000
0.427086776923746, 1.00000000000000, 0.427086776923746
1.00000000000000, 0.427086776923746, 1.00000000000000

0.427086776923746, 1.00000000000000, 0.427086776923746
1.00000000000000, 0.427086776923746, 1.00000000000000
0.427086776923746, 1.00000000000000, 0.427086776923746

1.00000000000000, 0.427086776923746, 1.00000000000000
0.427086776923746, 1.00000000000000, 0.427086776923746
1.00000000000000, 0.427086776923746, 1.00000000000000

0.427086776923746, 1.00000000000000, 0.427086776923746
1.00000000000000, 0.427086776923746, 1.00000000000000
0.427086776923746, 1.00000000000000, 0.427086776923746

1.00000000000000, 0.427086776923746, 1.00000000000000
0.427086776923746, 1.00000000000000, 0.427086776923746
1.00000000000000, 0.427086776923746, 1.00000000000000

0.427086776923746, 1.00000000000000, 0.427086776923746
1.00000000000000, 0.427086776923746, 1.00000000000000
0.427086776923746, 1.00000000000000, 0.427086776923746

1.00000000000000, 0.427086776923746, 1.00000000000000
0.427086776923746, 1.00000000000000, 0.427086776923746
1.00000000000000, 0.427086776923746, 1.00000000000000

0.427086776923746, 1.00000000000000, 0.427086776923746
1.00000000000000, 0.427086776923746, 1.00000000000000
0.427086776923746, 1.00000000000000, 0.427086776923746

1.00000000000000, 0.427086776923746, 1.00000000000000
0.427086776923746, 1.00000000000000, 0.427086776923746
1.00000000000000, 0.427086776923746, 1.00000000000000

0.427086776923746, 1.00000000000000, 0.427086776923746
1.00000000000000, 0.427086776923746, 1.00000000000000
0.427086776923746, 1.00000000000000, 0.427086776923746
 