Attribute names:	P0	P1	P2	P3	P4	P5
Minor allele frequencies:	0.050	0.050	0.050	0.050	0.050	0.050
x: 0.589346148760123
y: 0.696795681288185
Prevalence: 0.736682685950154
Heritability: 0.200000000000000

Table:

0.589346148760123, 1.00000000000000, 0.589346148760123
1.00000000000000, 0.589346148760123, 1.00000000000000
0.589346148760123, 1.00000000000000, 0.589346148760123

1.00000000000000, 0.589346148760123, 1.00000000000000
0.589346148760123, 1.00000000000000, 0.589346148760123
1.00000000000000, 0.589346148760123, 1.00000000000000

0.589346148760123, 1.00000000000000, 0.589346148760123
1.00000000000000, 0.589346148760123, 1.00000000000000
0.589346148760123, 1.00000000000000, 0.589346148760123

1.00000000000000, 0.589346148760123, 1.00000000000000
0.589346148760123, 1.00000000000000, 0.589346148760123
1.00000000000000, 0.589346148760123, 1.00000000000000

0.589346148760123, 1.00000000000000, 0.589346148760123
1.00000000000000, 0.589346148760123, 1.00000000000000
0.589346148760123, 1.00000000000000, 0.589346148760123

1.00000000000000, 0.589346148760123, 1.00000000000000
0.589346148760123, 1.00000000000000, 0.589346148760123
1.00000000000000, 0.589346148760123, 1.00000000000000

0.589346148760123, 1.00000000000000, 0.589346148760123
1.00000000000000, 0.589346148760123, 1.00000000000000
0.589346148760123, 1.00000000000000, 0.589346148760123

1.00000000000000, 0.589346148760123, 1.00000000000000
0.589346148760123, 1.00000000000000, 0.589346148760123
1.00000000000000, 0.589346148760123, 1.00000000000000

0.589346148760123, 1.00000000000000, 0.589346148760123
1.00000000000000, 0.589346148760123, 1.00000000000000
0.589346148760123, 1.00000000000000, 0.589346148760123

1.00000000000000, 0.589346148760123, 1.00000000000000
0.589346148760123, 1.00000000000000, 0.589346148760123
1.00000000000000, 0.589346148760123, 1.00000000000000

0.589346148760123, 1.00000000000000, 0.589346148760123
1.00000000000000, 0.589346148760123, 1.00000000000000
0.589346148760123, 1.00000000000000, 0.589346148760123

1.00000000000000, 0.589346148760123, 1.00000000000000
0.589346148760123, 1.00000000000000, 0.589346148760123
1.00000000000000, 0.589346148760123, 1.00000000000000

0.589346148760123, 1.00000000000000, 0.589346148760123
1.00000000000000, 0.589346148760123, 1.00000000000000
0.589346148760123, 1.00000000000000, 0.589346148760123

1.00000000000000, 0.589346148760123, 1.00000000000000
0.589346148760123, 1.00000000000000, 0.589346148760123
1.00000000000000, 0.589346148760123, 1.00000000000000

0.589346148760123, 1.00000000000000, 0.589346148760123
1.00000000000000, 0.589346148760123, 1.00000000000000
0.589346148760123, 1.00000000000000, 0.589346148760123

1.00000000000000, 0.589346148760123, 1.00000000000000
0.589346148760123, 1.00000000000000, 0.589346148760123
1.00000000000000, 0.589346148760123, 1.00000000000000

0.589346148760123, 1.00000000000000, 0.589346148760123
1.00000000000000, 0.589346148760123, 1.00000000000000
0.589346148760123, 1.00000000000000, 0.589346148760123

1.00000000000000, 0.589346148760123, 1.00000000000000
0.589346148760123, 1.00000000000000, 0.589346148760123
1.00000000000000, 0.589346148760123, 1.00000000000000

0.589346148760123, 1.00000000000000, 0.589346148760123
1.00000000000000, 0.589346148760123, 1.00000000000000
0.589346148760123, 1.00000000000000, 0.589346148760123

1.00000000000000, 0.589346148760123, 1.00000000000000
0.589346148760123, 1.00000000000000, 0.589346148760123
1.00000000000000, 0.589346148760123, 1.00000000000000

0.589346148760123, 1.00000000000000, 0.589346148760123
1.00000000000000, 0.589346148760123, 1.00000000000000
0.589346148760123, 1.00000000000000, 0.589346148760123

1.00000000000000, 0.589346148760123, 1.00000000000000
0.589346148760123, 1.00000000000000, 0.589346148760123
1.00000000000000, 0.589346148760123, 1.00000000000000

0.589346148760123, 1.00000000000000, 0.589346148760123
1.00000000000000, 0.589346148760123, 1.00000000000000
0.589346148760123, 1.00000000000000, 0.589346148760123

1.00000000000000, 0.589346148760123, 1.00000000000000
0.589346148760123, 1.00000000000000, 0.589346148760123
1.00000000000000, 0.589346148760123, 1.00000000000000

0.589346148760123, 1.00000000000000, 0.589346148760123
1.00000000000000, 0.589346148760123, 1.00000000000000
0.589346148760123, 1.00000000000000, 0.589346148760123

1.00000000000000, 0.589346148760123, 1.00000000000000
0.589346148760123, 1.00000000000000, 0.589346148760123
1.00000000000000, 0.589346148760123, 1.00000000000000

0.589346148760123, 1.00000000000000, 0.589346148760123
1.00000000000000, 0.589346148760123, 1.00000000000000
0.589346148760123, 1.00000000000000, 0.589346148760123

1.00000000000000, 0.589346148760123, 1.00000000000000
0.589346148760123, 1.00000000000000, 0.589346148760123
1.00000000000000, 0.589346148760123, 1.00000000000000

0.589346148760123, 1.00000000000000, 0.589346148760123
1.00000000000000, 0.589346148760123, 1.00000000000000
0.589346148760123, 1.00000000000000, 0.589346148760123

1.00000000000000, 0.589346148760123, 1.00000000000000
0.589346148760123, 1.00000000000000, 0.589346148760123
1.00000000000000, 0.589346148760123, 1.00000000000000

0.589346148760123, 1.00000000000000, 0.589346148760123
1.00000000000000, 0.589346148760123, 1.00000000000000
0.589346148760123, 1.00000000000000, 0.589346148760123

1.00000000000000, 0.589346148760123, 1.00000000000000
0.589346148760123, 1.00000000000000, 0.589346148760123
1.00000000000000, 0.589346148760123, 1.00000000000000

0.589346148760123, 1.00000000000000, 0.589346148760123
1.00000000000000, 0.589346148760123, 1.00000000000000
0.589346148760123, 1.00000000000000, 0.589346148760123

1.00000000000000, 0.589346148760123, 1.00000000000000
0.589346148760123, 1.00000000000000, 0.589346148760123
1.00000000000000, 0.589346148760123, 1.00000000000000

0.589346148760123, 1.00000000000000, 0.589346148760123
1.00000000000000, 0.589346148760123, 1.00000000000000
0.589346148760123, 1.00000000000000, 0.589346148760123

1.00000000000000, 0.589346148760123, 1.00000000000000
0.589346148760123, 1.00000000000000, 0.589346148760123
1.00000000000000, 0.589346148760123, 1.00000000000000

0.589346148760123, 1.00000000000000, 0.589346148760123
1.00000000000000, 0.589346148760123, 1.00000000000000
0.589346148760123, 1.00000000000000, 0.589346148760123

1.00000000000000, 0.589346148760123, 1.00000000000000
0.589346148760123, 1.00000000000000, 0.589346148760123
1.00000000000000, 0.589346148760123, 1.00000000000000

0.589346148760123, 1.00000000000000, 0.589346148760123
1.00000000000000, 0.589346148760123, 1.00000000000000
0.589346148760123, 1.00000000000000, 0.589346148760123

1.00000000000000, 0.589346148760123, 1.00000000000000
0.589346148760123, 1.00000000000000, 0.589346148760123
1.00000000000000, 0.589346148760123, 1.00000000000000

0.589346148760123, 1.00000000000000, 0.589346148760123
1.00000000000000, 0.589346148760123, 1.00000000000000
0.589346148760123, 1.00000000000000, 0.589346148760123

1.00000000000000, 0.589346148760123, 1.00000000000000
0.589346148760123, 1.00000000000000, 0.589346148760123
1.00000000000000, 0.589346148760123, 1.00000000000000

0.589346148760123, 1.00000000000000, 0.589346148760123
1.00000000000000, 0.589346148760123, 1.00000000000000
0.589346148760123, 1.00000000000000, 0.589346148760123

1.00000000000000, 0.589346148760123, 1.00000000000000
0.589346148760123, 1.00000000000000, 0.589346148760123
1.00000000000000, 0.589346148760123, 1.00000000000000

0.589346148760123, 1.00000000000000, 0.589346148760123
1.00000000000000, 0.589346148760123, 1.00000000000000
0.589346148760123, 1.00000000000000, 0.589346148760123

1.00000000000000, 0.589346148760123, 1.00000000000000
0.589346148760123, 1.00000000000000, 0.589346148760123
1.00000000000000, 0.589346148760123, 1.00000000000000

0.589346148760123, 1.00000000000000, 0.589346148760123
1.00000000000000, 0.589346148760123, 1.00000000000000
0.589346148760123, 1.00000000000000, 0.589346148760123

1.00000000000000, 0.589346148760123, 1.00000000000000
0.589346148760123, 1.00000000000000, 0.589346148760123
1.00000000000000, 0.589346148760123, 1.00000000000000

0.589346148760123, 1.00000000000000, 0.589346148760123
1.00000000000000, 0.589346148760123, 1.00000000000000
0.589346148760123, 1.00000000000000, 0.589346148760123

1.00000000000000, 0.589346148760123, 1.00000000000000
0.589346148760123, 1.00000000000000, 0.589346148760123
1.00000000000000, 0.589346148760123, 1.00000000000000

0.589346148760123, 1.00000000000000, 0.589346148760123
1.00000000000000, 0.589346148760123, 1.00000000000000
0.589346148760123, 1.00000000000000, 0.589346148760123

1.00000000000000, 0.589346148760123, 1.00000000000000
0.589346148760123, 1.00000000000000, 0.589346148760123
1.00000000000000, 0.589346148760123, 1.00000000000000

0.589346148760123, 1.00000000000000, 0.589346148760123
1.00000000000000, 0.589346148760123, 1.00000000000000
0.589346148760123, 1.00000000000000, 0.589346148760123

1.00000000000000, 0.589346148760123, 1.00000000000000
0.589346148760123, 1.00000000000000, 0.589346148760123
1.00000000000000, 0.589346148760123, 1.00000000000000

0.589346148760123, 1.00000000000000, 0.589346148760123
1.00000000000000, 0.589346148760123, 1.00000000000000
0.589346148760123, 1.00000000000000, 0.589346148760123

1.00000000000000, 0.589346148760123, 1.00000000000000
0.589346148760123, 1.00000000000000, 0.589346148760123
1.00000000000000, 0.589346148760123, 1.00000000000000

0.589346148760123, 1.00000000000000, 0.589346148760123
1.00000000000000, 0.589346148760123, 1.00000000000000
0.589346148760123, 1.00000000000000, 0.589346148760123

1.00000000000000, 0.589346148760123, 1.00000000000000
0.589346148760123, 1.00000000000000, 0.589346148760123
1.00000000000000, 0.589346148760123, 1.00000000000000

0.589346148760123, 1.00000000000000, 0.589346148760123
1.00000000000000, 0.589346148760123, 1.00000000000000
0.589346148760123, 1.00000000000000, 0.589346148760123

1.00000000000000, 0.589346148760123, 1.00000000000000
0.589346148760123, 1.00000000000000, 0.589346148760123
1.00000000000000, 0.589346148760123, 1.00000000000000

0.589346148760123, 1.00000000000000, 0.589346148760123
1.00000000000000, 0.589346148760123, 1.00000000000000
0.589346148760123, 1.00000000000000, 0.589346148760123

1.00000000000000, 0.589346148760123, 1.00000000000000
0.589346148760123, 1.00000000000000, 0.589346148760123
1.00000000000000, 0.589346148760123, 1.00000000000000

0.589346148760123, 1.00000000000000, 0.589346148760123
1.00000000000000, 0.589346148760123, 1.00000000000000
0.589346148760123, 1.00000000000000, 0.589346148760123

1.00000000000000, 0.589346148760123, 1.00000000000000
0.589346148760123, 1.00000000000000, 0.589346148760123
1.00000000000000, 0.589346148760123, 1.00000000000000

0.589346148760123, 1.00000000000000, 0.589346148760123
1.00000000000000, 0.589346148760123, 1.00000000000000
0.589346148760123, 1.00000000000000, 0.589346148760123

1.00000000000000, 0.589346148760123, 1.00000000000000
0.589346148760123, 1.00000000000000, 0.589346148760123
1.00000000000000, 0.589346148760123, 1.00000000000000

0.589346148760123, 1.00000000000000, 0.589346148760123
1.00000000000000, 0.589346148760123, 1.00000000000000
0.589346148760123, 1.00000000000000, 0.589346148760123

1.00000000000000, 0.589346148760123, 1.00000000000000
0.589346148760123, 1.00000000000000, 0.589346148760123
1.00000000000000, 0.589346148760123, 1.00000000000000

0.589346148760123, 1.00000000000000, 0.589346148760123
1.00000000000000, 0.589346148760123, 1.00000000000000
0.589346148760123, 1.00000000000000, 0.589346148760123

1.00000000000000, 0.589346148760123, 1.00000000000000
0.589346148760123, 1.00000000000000, 0.589346148760123
1.00000000000000, 0.589346148760123, 1.00000000000000

0.589346148760123, 1.00000000000000, 0.589346148760123
1.00000000000000, 0.589346148760123, 1.00000000000000
0.589346148760123, 1.00000000000000, 0.589346148760123

1.00000000000000, 0.589346148760123, 1.00000000000000
0.589346148760123, 1.00000000000000, 0.589346148760123
1.00000000000000, 0.589346148760123, 1.00000000000000

0.589346148760123, 1.00000000000000, 0.589346148760123
1.00000000000000, 0.589346148760123, 1.00000000000000
0.589346148760123, 1.00000000000000, 0.589346148760123

1.00000000000000, 0.589346148760123, 1.00000000000000
0.589346148760123, 1.00000000000000, 0.589346148760123
1.00000000000000, 0.589346148760123, 1.00000000000000

0.589346148760123, 1.00000000000000, 0.589346148760123
1.00000000000000, 0.589346148760123, 1.00000000000000
0.589346148760123, 1.00000000000000, 0.589346148760123

1.00000000000000, 0.589346148760123, 1.00000000000000
0.589346148760123, 1.00000000000000, 0.589346148760123
1.00000000000000, 0.589346148760123, 1.00000000000000

0.589346148760123, 1.00000000000000, 0.589346148760123
1.00000000000000, 0.589346148760123, 1.00000000000000
0.589346148760123, 1.00000000000000, 0.589346148760123

1.00000000000000, 0.589346148760123, 1.00000000000000
0.589346148760123, 1.00000000000000, 0.589346148760123
1.00000000000000, 0.589346148760123, 1.00000000000000

0.589346148760123, 1.00000000000000, 0.589346148760123
1.00000000000000, 0.589346148760123, 1.00000000000000
0.589346148760123, 1.00000000000000, 0.589346148760123

1.00000000000000, 0.589346148760123, 1.00000000000000
0.589346148760123, 1.00000000000000, 0.589346148760123
1.00000000000000, 0.589346148760123, 1.00000000000000

0.589346148760123, 1.00000000000000, 0.589346148760123
1.00000000000000, 0.589346148760123, 1.00000000000000
0.589346148760123, 1.00000000000000, 0.589346148760123
 