Attribute names:	P0	P1	P2
Minor allele frequencies:	0.200	0.200	0.200
x: 0.979249034167046
y: 0.0211906931831744
Prevalence: 0.989140438552572
Heritability: 0.0100000000000000

Table:

0.979249034167046, 1.00000000000000, 0.979249034167046
1.00000000000000, 0.979249034167046, 1.00000000000000
0.979249034167046, 1.00000000000000, 0.979249034167046

1.00000000000000, 0.979249034167046, 1.00000000000000
0.979249034167046, 1.00000000000000, 0.979249034167046
1.00000000000000, 0.979249034167046, 1.00000000000000

0.979249034167046, 1.00000000000000, 0.979249034167046
1.00000000000000, 0.979249034167046, 1.00000000000000
0.979249034167046, 1.00000000000000, 0.979249034167046
 