Attribute names:	P0	P1	P2	P3
Minor allele frequencies:	0.050	0.050	0.050	0.050
x: 0.299302606219256
y: 2.34110020835382
Prevalence: 0.498837677032094
Heritability: 0.400000000000000

Table:

0.299302606219256, 1.00000000000000, 0.299302606219256
1.00000000000000, 0.299302606219256, 1.00000000000000
0.299302606219256, 1.00000000000000, 0.299302606219256

1.00000000000000, 0.299302606219256, 1.00000000000000
0.299302606219256, 1.00000000000000, 0.299302606219256
1.00000000000000, 0.299302606219256, 1.00000000000000

0.299302606219256, 1.00000000000000, 0.299302606219256
1.00000000000000, 0.299302606219256, 1.00000000000000
0.299302606219256, 1.00000000000000, 0.299302606219256

1.00000000000000, 0.299302606219256, 1.00000000000000
0.299302606219256, 1.00000000000000, 0.299302606219256
1.00000000000000, 0.299302606219256, 1.00000000000000

0.299302606219256, 1.00000000000000, 0.299302606219256
1.00000000000000, 0.299302606219256, 1.00000000000000
0.299302606219256, 1.00000000000000, 0.299302606219256

1.00000000000000, 0.299302606219256, 1.00000000000000
0.299302606219256, 1.00000000000000, 0.299302606219256
1.00000000000000, 0.299302606219256, 1.00000000000000

0.299302606219256, 1.00000000000000, 0.299302606219256
1.00000000000000, 0.299302606219256, 1.00000000000000
0.299302606219256, 1.00000000000000, 0.299302606219256

1.00000000000000, 0.299302606219256, 1.00000000000000
0.299302606219256, 1.00000000000000, 0.299302606219256
1.00000000000000, 0.299302606219256, 1.00000000000000

0.299302606219256, 1.00000000000000, 0.299302606219256
1.00000000000000, 0.299302606219256, 1.00000000000000
0.299302606219256, 1.00000000000000, 0.299302606219256
 