Attribute names:	P0	P1	P2	P3	P4
Minor allele frequencies:	0.050	0.050	0.050	0.050	0.050
x: 0.328178748920367
y: 2.04711991038351
Prevalence: 0.546964581533945
Heritability: 0.400000000000000

Table:

0.328178748920367, 1.00000000000000, 0.328178748920367
1.00000000000000, 0.328178748920367, 1.00000000000000
0.328178748920367, 1.00000000000000, 0.328178748920367

1.00000000000000, 0.328178748920367, 1.00000000000000
0.328178748920367, 1.00000000000000, 0.328178748920367
1.00000000000000, 0.328178748920367, 1.00000000000000

0.328178748920367, 1.00000000000000, 0.328178748920367
1.00000000000000, 0.328178748920367, 1.00000000000000
0.328178748920367, 1.00000000000000, 0.328178748920367

1.00000000000000, 0.328178748920367, 1.00000000000000
0.328178748920367, 1.00000000000000, 0.328178748920367
1.00000000000000, 0.328178748920367, 1.00000000000000

0.328178748920367, 1.00000000000000, 0.328178748920367
1.00000000000000, 0.328178748920367, 1.00000000000000
0.328178748920367, 1.00000000000000, 0.328178748920367

1.00000000000000, 0.328178748920367, 1.00000000000000
0.328178748920367, 1.00000000000000, 0.328178748920367
1.00000000000000, 0.328178748920367, 1.00000000000000

0.328178748920367, 1.00000000000000, 0.328178748920367
1.00000000000000, 0.328178748920367, 1.00000000000000
0.328178748920367, 1.00000000000000, 0.328178748920367

1.00000000000000, 0.328178748920367, 1.00000000000000
0.328178748920367, 1.00000000000000, 0.328178748920367
1.00000000000000, 0.328178748920367, 1.00000000000000

0.328178748920367, 1.00000000000000, 0.328178748920367
1.00000000000000, 0.328178748920367, 1.00000000000000
0.328178748920367, 1.00000000000000, 0.328178748920367

1.00000000000000, 0.328178748920367, 1.00000000000000
0.328178748920367, 1.00000000000000, 0.328178748920367
1.00000000000000, 0.328178748920367, 1.00000000000000

0.328178748920367, 1.00000000000000, 0.328178748920367
1.00000000000000, 0.328178748920367, 1.00000000000000
0.328178748920367, 1.00000000000000, 0.328178748920367

1.00000000000000, 0.328178748920367, 1.00000000000000
0.328178748920367, 1.00000000000000, 0.328178748920367
1.00000000000000, 0.328178748920367, 1.00000000000000

0.328178748920367, 1.00000000000000, 0.328178748920367
1.00000000000000, 0.328178748920367, 1.00000000000000
0.328178748920367, 1.00000000000000, 0.328178748920367

1.00000000000000, 0.328178748920367, 1.00000000000000
0.328178748920367, 1.00000000000000, 0.328178748920367
1.00000000000000, 0.328178748920367, 1.00000000000000

0.328178748920367, 1.00000000000000, 0.328178748920367
1.00000000000000, 0.328178748920367, 1.00000000000000
0.328178748920367, 1.00000000000000, 0.328178748920367

1.00000000000000, 0.328178748920367, 1.00000000000000
0.328178748920367, 1.00000000000000, 0.328178748920367
1.00000000000000, 0.328178748920367, 1.00000000000000

0.328178748920367, 1.00000000000000, 0.328178748920367
1.00000000000000, 0.328178748920367, 1.00000000000000
0.328178748920367, 1.00000000000000, 0.328178748920367

1.00000000000000, 0.328178748920367, 1.00000000000000
0.328178748920367, 1.00000000000000, 0.328178748920367
1.00000000000000, 0.328178748920367, 1.00000000000000

0.328178748920367, 1.00000000000000, 0.328178748920367
1.00000000000000, 0.328178748920367, 1.00000000000000
0.328178748920367, 1.00000000000000, 0.328178748920367

1.00000000000000, 0.328178748920367, 1.00000000000000
0.328178748920367, 1.00000000000000, 0.328178748920367
1.00000000000000, 0.328178748920367, 1.00000000000000

0.328178748920367, 1.00000000000000, 0.328178748920367
1.00000000000000, 0.328178748920367, 1.00000000000000
0.328178748920367, 1.00000000000000, 0.328178748920367

1.00000000000000, 0.328178748920367, 1.00000000000000
0.328178748920367, 1.00000000000000, 0.328178748920367
1.00000000000000, 0.328178748920367, 1.00000000000000

0.328178748920367, 1.00000000000000, 0.328178748920367
1.00000000000000, 0.328178748920367, 1.00000000000000
0.328178748920367, 1.00000000000000, 0.328178748920367

1.00000000000000, 0.328178748920367, 1.00000000000000
0.328178748920367, 1.00000000000000, 0.328178748920367
1.00000000000000, 0.328178748920367, 1.00000000000000

0.328178748920367, 1.00000000000000, 0.328178748920367
1.00000000000000, 0.328178748920367, 1.00000000000000
0.328178748920367, 1.00000000000000, 0.328178748920367

1.00000000000000, 0.328178748920367, 1.00000000000000
0.328178748920367, 1.00000000000000, 0.328178748920367
1.00000000000000, 0.328178748920367, 1.00000000000000

0.328178748920367, 1.00000000000000, 0.328178748920367
1.00000000000000, 0.328178748920367, 1.00000000000000
0.328178748920367, 1.00000000000000, 0.328178748920367
 