Attribute names:	P0	P1	P2	P3	P4	P5
Minor allele frequencies:	0.050	0.050	0.050	0.050	0.050	0.050
x: 0.349880118521554
y: 1.85812181676849
Prevalence: 0.583133530869257
Heritability: 0.400000000000000

Table:

0.349880118521554, 1.00000000000000, 0.349880118521554
1.00000000000000, 0.349880118521554, 1.00000000000000
0.349880118521554, 1.00000000000000, 0.349880118521554

1.00000000000000, 0.349880118521554, 1.00000000000000
0.349880118521554, 1.00000000000000, 0.349880118521554
1.00000000000000, 0.349880118521554, 1.00000000000000

0.349880118521554, 1.00000000000000, 0.349880118521554
1.00000000000000, 0.349880118521554, 1.00000000000000
0.349880118521554, 1.00000000000000, 0.349880118521554

1.00000000000000, 0.349880118521554, 1.00000000000000
0.349880118521554, 1.00000000000000, 0.349880118521554
1.00000000000000, 0.349880118521554, 1.00000000000000

0.349880118521554, 1.00000000000000, 0.349880118521554
1.00000000000000, 0.349880118521554, 1.00000000000000
0.349880118521554, 1.00000000000000, 0.349880118521554

1.00000000000000, 0.349880118521554, 1.00000000000000
0.349880118521554, 1.00000000000000, 0.349880118521554
1.00000000000000, 0.349880118521554, 1.00000000000000

0.349880118521554, 1.00000000000000, 0.349880118521554
1.00000000000000, 0.349880118521554, 1.00000000000000
0.349880118521554, 1.00000000000000, 0.349880118521554

1.00000000000000, 0.349880118521554, 1.00000000000000
0.349880118521554, 1.00000000000000, 0.349880118521554
1.00000000000000, 0.349880118521554, 1.00000000000000

0.349880118521554, 1.00000000000000, 0.349880118521554
1.00000000000000, 0.349880118521554, 1.00000000000000
0.349880118521554, 1.00000000000000, 0.349880118521554

1.00000000000000, 0.349880118521554, 1.00000000000000
0.349880118521554, 1.00000000000000, 0.349880118521554
1.00000000000000, 0.349880118521554, 1.00000000000000

0.349880118521554, 1.00000000000000, 0.349880118521554
1.00000000000000, 0.349880118521554, 1.00000000000000
0.349880118521554, 1.00000000000000, 0.349880118521554

1.00000000000000, 0.349880118521554, 1.00000000000000
0.349880118521554, 1.00000000000000, 0.349880118521554
1.00000000000000, 0.349880118521554, 1.00000000000000

0.349880118521554, 1.00000000000000, 0.349880118521554
1.00000000000000, 0.349880118521554, 1.00000000000000
0.349880118521554, 1.00000000000000, 0.349880118521554

1.00000000000000, 0.349880118521554, 1.00000000000000
0.349880118521554, 1.00000000000000, 0.349880118521554
1.00000000000000, 0.349880118521554, 1.00000000000000

0.349880118521554, 1.00000000000000, 0.349880118521554
1.00000000000000, 0.349880118521554, 1.00000000000000
0.349880118521554, 1.00000000000000, 0.349880118521554

1.00000000000000, 0.349880118521554, 1.00000000000000
0.349880118521554, 1.00000000000000, 0.349880118521554
1.00000000000000, 0.349880118521554, 1.00000000000000

0.349880118521554, 1.00000000000000, 0.349880118521554
1.00000000000000, 0.349880118521554, 1.00000000000000
0.349880118521554, 1.00000000000000, 0.349880118521554

1.00000000000000, 0.349880118521554, 1.00000000000000
0.349880118521554, 1.00000000000000, 0.349880118521554
1.00000000000000, 0.349880118521554, 1.00000000000000

0.349880118521554, 1.00000000000000, 0.349880118521554
1.00000000000000, 0.349880118521554, 1.00000000000000
0.349880118521554, 1.00000000000000, 0.349880118521554

1.00000000000000, 0.349880118521554, 1.00000000000000
0.349880118521554, 1.00000000000000, 0.349880118521554
1.00000000000000, 0.349880118521554, 1.00000000000000

0.349880118521554, 1.00000000000000, 0.349880118521554
1.00000000000000, 0.349880118521554, 1.00000000000000
0.349880118521554, 1.00000000000000, 0.349880118521554

1.00000000000000, 0.349880118521554, 1.00000000000000
0.349880118521554, 1.00000000000000, 0.349880118521554
1.00000000000000, 0.349880118521554, 1.00000000000000

0.349880118521554, 1.00000000000000, 0.349880118521554
1.00000000000000, 0.349880118521554, 1.00000000000000
0.349880118521554, 1.00000000000000, 0.349880118521554

1.00000000000000, 0.349880118521554, 1.00000000000000
0.349880118521554, 1.00000000000000, 0.349880118521554
1.00000000000000, 0.349880118521554, 1.00000000000000

0.349880118521554, 1.00000000000000, 0.349880118521554
1.00000000000000, 0.349880118521554, 1.00000000000000
0.349880118521554, 1.00000000000000, 0.349880118521554

1.00000000000000, 0.349880118521554, 1.00000000000000
0.349880118521554, 1.00000000000000, 0.349880118521554
1.00000000000000, 0.349880118521554, 1.00000000000000

0.349880118521554, 1.00000000000000, 0.349880118521554
1.00000000000000, 0.349880118521554, 1.00000000000000
0.349880118521554, 1.00000000000000, 0.349880118521554

1.00000000000000, 0.349880118521554, 1.00000000000000
0.349880118521554, 1.00000000000000, 0.349880118521554
1.00000000000000, 0.349880118521554, 1.00000000000000

0.349880118521554, 1.00000000000000, 0.349880118521554
1.00000000000000, 0.349880118521554, 1.00000000000000
0.349880118521554, 1.00000000000000, 0.349880118521554

1.00000000000000, 0.349880118521554, 1.00000000000000
0.349880118521554, 1.00000000000000, 0.349880118521554
1.00000000000000, 0.349880118521554, 1.00000000000000

0.349880118521554, 1.00000000000000, 0.349880118521554
1.00000000000000, 0.349880118521554, 1.00000000000000
0.349880118521554, 1.00000000000000, 0.349880118521554

1.00000000000000, 0.349880118521554, 1.00000000000000
0.349880118521554, 1.00000000000000, 0.349880118521554
1.00000000000000, 0.349880118521554, 1.00000000000000

0.349880118521554, 1.00000000000000, 0.349880118521554
1.00000000000000, 0.349880118521554, 1.00000000000000
0.349880118521554, 1.00000000000000, 0.349880118521554

1.00000000000000, 0.349880118521554, 1.00000000000000
0.349880118521554, 1.00000000000000, 0.349880118521554
1.00000000000000, 0.349880118521554, 1.00000000000000

0.349880118521554, 1.00000000000000, 0.349880118521554
1.00000000000000, 0.349880118521554, 1.00000000000000
0.349880118521554, 1.00000000000000, 0.349880118521554

1.00000000000000, 0.349880118521554, 1.00000000000000
0.349880118521554, 1.00000000000000, 0.349880118521554
1.00000000000000, 0.349880118521554, 1.00000000000000

0.349880118521554, 1.00000000000000, 0.349880118521554
1.00000000000000, 0.349880118521554, 1.00000000000000
0.349880118521554, 1.00000000000000, 0.349880118521554

1.00000000000000, 0.349880118521554, 1.00000000000000
0.349880118521554, 1.00000000000000, 0.349880118521554
1.00000000000000, 0.349880118521554, 1.00000000000000

0.349880118521554, 1.00000000000000, 0.349880118521554
1.00000000000000, 0.349880118521554, 1.00000000000000
0.349880118521554, 1.00000000000000, 0.349880118521554

1.00000000000000, 0.349880118521554, 1.00000000000000
0.349880118521554, 1.00000000000000, 0.349880118521554
1.00000000000000, 0.349880118521554, 1.00000000000000

0.349880118521554, 1.00000000000000, 0.349880118521554
1.00000000000000, 0.349880118521554, 1.00000000000000
0.349880118521554, 1.00000000000000, 0.349880118521554

1.00000000000000, 0.349880118521554, 1.00000000000000
0.349880118521554, 1.00000000000000, 0.349880118521554
1.00000000000000, 0.349880118521554, 1.00000000000000

0.349880118521554, 1.00000000000000, 0.349880118521554
1.00000000000000, 0.349880118521554, 1.00000000000000
0.349880118521554, 1.00000000000000, 0.349880118521554

1.00000000000000, 0.349880118521554, 1.00000000000000
0.349880118521554, 1.00000000000000, 0.349880118521554
1.00000000000000, 0.349880118521554, 1.00000000000000

0.349880118521554, 1.00000000000000, 0.349880118521554
1.00000000000000, 0.349880118521554, 1.00000000000000
0.349880118521554, 1.00000000000000, 0.349880118521554

1.00000000000000, 0.349880118521554, 1.00000000000000
0.349880118521554, 1.00000000000000, 0.349880118521554
1.00000000000000, 0.349880118521554, 1.00000000000000

0.349880118521554, 1.00000000000000, 0.349880118521554
1.00000000000000, 0.349880118521554, 1.00000000000000
0.349880118521554, 1.00000000000000, 0.349880118521554

1.00000000000000, 0.349880118521554, 1.00000000000000
0.349880118521554, 1.00000000000000, 0.349880118521554
1.00000000000000, 0.349880118521554, 1.00000000000000

0.349880118521554, 1.00000000000000, 0.349880118521554
1.00000000000000, 0.349880118521554, 1.00000000000000
0.349880118521554, 1.00000000000000, 0.349880118521554

1.00000000000000, 0.349880118521554, 1.00000000000000
0.349880118521554, 1.00000000000000, 0.349880118521554
1.00000000000000, 0.349880118521554, 1.00000000000000

0.349880118521554, 1.00000000000000, 0.349880118521554
1.00000000000000, 0.349880118521554, 1.00000000000000
0.349880118521554, 1.00000000000000, 0.349880118521554

1.00000000000000, 0.349880118521554, 1.00000000000000
0.349880118521554, 1.00000000000000, 0.349880118521554
1.00000000000000, 0.349880118521554, 1.00000000000000

0.349880118521554, 1.00000000000000, 0.349880118521554
1.00000000000000, 0.349880118521554, 1.00000000000000
0.349880118521554, 1.00000000000000, 0.349880118521554

1.00000000000000, 0.349880118521554, 1.00000000000000
0.349880118521554, 1.00000000000000, 0.349880118521554
1.00000000000000, 0.349880118521554, 1.00000000000000

0.349880118521554, 1.00000000000000, 0.349880118521554
1.00000000000000, 0.349880118521554, 1.00000000000000
0.349880118521554, 1.00000000000000, 0.349880118521554

1.00000000000000, 0.349880118521554, 1.00000000000000
0.349880118521554, 1.00000000000000, 0.349880118521554
1.00000000000000, 0.349880118521554, 1.00000000000000

0.349880118521554, 1.00000000000000, 0.349880118521554
1.00000000000000, 0.349880118521554, 1.00000000000000
0.349880118521554, 1.00000000000000, 0.349880118521554

1.00000000000000, 0.349880118521554, 1.00000000000000
0.349880118521554, 1.00000000000000, 0.349880118521554
1.00000000000000, 0.349880118521554, 1.00000000000000

0.349880118521554, 1.00000000000000, 0.349880118521554
1.00000000000000, 0.349880118521554, 1.00000000000000
0.349880118521554, 1.00000000000000, 0.349880118521554

1.00000000000000, 0.349880118521554, 1.00000000000000
0.349880118521554, 1.00000000000000, 0.349880118521554
1.00000000000000, 0.349880118521554, 1.00000000000000

0.349880118521554, 1.00000000000000, 0.349880118521554
1.00000000000000, 0.349880118521554, 1.00000000000000
0.349880118521554, 1.00000000000000, 0.349880118521554

1.00000000000000, 0.349880118521554, 1.00000000000000
0.349880118521554, 1.00000000000000, 0.349880118521554
1.00000000000000, 0.349880118521554, 1.00000000000000

0.349880118521554, 1.00000000000000, 0.349880118521554
1.00000000000000, 0.349880118521554, 1.00000000000000
0.349880118521554, 1.00000000000000, 0.349880118521554

1.00000000000000, 0.349880118521554, 1.00000000000000
0.349880118521554, 1.00000000000000, 0.349880118521554
1.00000000000000, 0.349880118521554, 1.00000000000000

0.349880118521554, 1.00000000000000, 0.349880118521554
1.00000000000000, 0.349880118521554, 1.00000000000000
0.349880118521554, 1.00000000000000, 0.349880118521554

1.00000000000000, 0.349880118521554, 1.00000000000000
0.349880118521554, 1.00000000000000, 0.349880118521554
1.00000000000000, 0.349880118521554, 1.00000000000000

0.349880118521554, 1.00000000000000, 0.349880118521554
1.00000000000000, 0.349880118521554, 1.00000000000000
0.349880118521554, 1.00000000000000, 0.349880118521554

1.00000000000000, 0.349880118521554, 1.00000000000000
0.349880118521554, 1.00000000000000, 0.349880118521554
1.00000000000000, 0.349880118521554, 1.00000000000000

0.349880118521554, 1.00000000000000, 0.349880118521554
1.00000000000000, 0.349880118521554, 1.00000000000000
0.349880118521554, 1.00000000000000, 0.349880118521554

1.00000000000000, 0.349880118521554, 1.00000000000000
0.349880118521554, 1.00000000000000, 0.349880118521554
1.00000000000000, 0.349880118521554, 1.00000000000000

0.349880118521554, 1.00000000000000, 0.349880118521554
1.00000000000000, 0.349880118521554, 1.00000000000000
0.349880118521554, 1.00000000000000, 0.349880118521554

1.00000000000000, 0.349880118521554, 1.00000000000000
0.349880118521554, 1.00000000000000, 0.349880118521554
1.00000000000000, 0.349880118521554, 1.00000000000000

0.349880118521554, 1.00000000000000, 0.349880118521554
1.00000000000000, 0.349880118521554, 1.00000000000000
0.349880118521554, 1.00000000000000, 0.349880118521554

1.00000000000000, 0.349880118521554, 1.00000000000000
0.349880118521554, 1.00000000000000, 0.349880118521554
1.00000000000000, 0.349880118521554, 1.00000000000000

0.349880118521554, 1.00000000000000, 0.349880118521554
1.00000000000000, 0.349880118521554, 1.00000000000000
0.349880118521554, 1.00000000000000, 0.349880118521554

1.00000000000000, 0.349880118521554, 1.00000000000000
0.349880118521554, 1.00000000000000, 0.349880118521554
1.00000000000000, 0.349880118521554, 1.00000000000000

0.349880118521554, 1.00000000000000, 0.349880118521554
1.00000000000000, 0.349880118521554, 1.00000000000000
0.349880118521554, 1.00000000000000, 0.349880118521554

1.00000000000000, 0.349880118521554, 1.00000000000000
0.349880118521554, 1.00000000000000, 0.349880118521554
1.00000000000000, 0.349880118521554, 1.00000000000000

0.349880118521554, 1.00000000000000, 0.349880118521554
1.00000000000000, 0.349880118521554, 1.00000000000000
0.349880118521554, 1.00000000000000, 0.349880118521554

1.00000000000000, 0.349880118521554, 1.00000000000000
0.349880118521554, 1.00000000000000, 0.349880118521554
1.00000000000000, 0.349880118521554, 1.00000000000000

0.349880118521554, 1.00000000000000, 0.349880118521554
1.00000000000000, 0.349880118521554, 1.00000000000000
0.349880118521554, 1.00000000000000, 0.349880118521554
 