Attribute names:	P0	P1	P2	P3
Minor allele frequencies:	0.050	0.050	0.050	0.050
x: 0.844007424432316
y: 0.184823700659512
Prevalence: 0.888428867823490
Heritability: 0.0500000000000000

Table:

0.844007424432316, 1.00000000000000, 0.844007424432316
1.00000000000000, 0.844007424432316, 1.00000000000000
0.844007424432316, 1.00000000000000, 0.844007424432316

1.00000000000000, 0.844007424432316, 1.00000000000000
0.844007424432316, 1.00000000000000, 0.844007424432316
1.00000000000000, 0.844007424432316, 1.00000000000000

0.844007424432316, 1.00000000000000, 0.844007424432316
1.00000000000000, 0.844007424432316, 1.00000000000000
0.844007424432316, 1.00000000000000, 0.844007424432316

1.00000000000000, 0.844007424432316, 1.00000000000000
0.844007424432316, 1.00000000000000, 0.844007424432316
1.00000000000000, 0.844007424432316, 1.00000000000000

0.844007424432316, 1.00000000000000, 0.844007424432316
1.00000000000000, 0.844007424432316, 1.00000000000000
0.844007424432316, 1.00000000000000, 0.844007424432316

1.00000000000000, 0.844007424432316, 1.00000000000000
0.844007424432316, 1.00000000000000, 0.844007424432316
1.00000000000000, 0.844007424432316, 1.00000000000000

0.844007424432316, 1.00000000000000, 0.844007424432316
1.00000000000000, 0.844007424432316, 1.00000000000000
0.844007424432316, 1.00000000000000, 0.844007424432316

1.00000000000000, 0.844007424432316, 1.00000000000000
0.844007424432316, 1.00000000000000, 0.844007424432316
1.00000000000000, 0.844007424432316, 1.00000000000000

0.844007424432316, 1.00000000000000, 0.844007424432316
1.00000000000000, 0.844007424432316, 1.00000000000000
0.844007424432316, 1.00000000000000, 0.844007424432316
 