Attribute names:	P0	P1	P2	P3
Minor allele frequencies:	0.050	0.050	0.050	0.050
x: 0.532506151587928
y: 0.877912578132683
Prevalence: 0.665632689484910
Heritability: 0.200000000000000

Table:

0.532506151587928, 1.00000000000000, 0.532506151587928
1.00000000000000, 0.532506151587928, 1.00000000000000
0.532506151587928, 1.00000000000000, 0.532506151587928

1.00000000000000, 0.532506151587928, 1.00000000000000
0.532506151587928, 1.00000000000000, 0.532506151587928
1.00000000000000, 0.532506151587928, 1.00000000000000

0.532506151587928, 1.00000000000000, 0.532506151587928
1.00000000000000, 0.532506151587928, 1.00000000000000
0.532506151587928, 1.00000000000000, 0.532506151587928

1.00000000000000, 0.532506151587928, 1.00000000000000
0.532506151587928, 1.00000000000000, 0.532506151587928
1.00000000000000, 0.532506151587928, 1.00000000000000

0.532506151587928, 1.00000000000000, 0.532506151587928
1.00000000000000, 0.532506151587928, 1.00000000000000
0.532506151587928, 1.00000000000000, 0.532506151587928

1.00000000000000, 0.532506151587928, 1.00000000000000
0.532506151587928, 1.00000000000000, 0.532506151587928
1.00000000000000, 0.532506151587928, 1.00000000000000

0.532506151587928, 1.00000000000000, 0.532506151587928
1.00000000000000, 0.532506151587928, 1.00000000000000
0.532506151587928, 1.00000000000000, 0.532506151587928

1.00000000000000, 0.532506151587928, 1.00000000000000
0.532506151587928, 1.00000000000000, 0.532506151587928
1.00000000000000, 0.532506151587928, 1.00000000000000

0.532506151587928, 1.00000000000000, 0.532506151587928
1.00000000000000, 0.532506151587928, 1.00000000000000
0.532506151587928, 1.00000000000000, 0.532506151587928
 