Attribute names:	P0	P1	P2	P3
Minor allele frequencies:	0.200	0.200	0.200	0.200
x: 0.424428259264771
y: 1.35611078709104
Prevalence: 0.707380432107952
Heritability: 0.400000000000000

Table:

0.424428259264771, 1.00000000000000, 0.424428259264771
1.00000000000000, 0.424428259264771, 1.00000000000000
0.424428259264771, 1.00000000000000, 0.424428259264771

1.00000000000000, 0.424428259264771, 1.00000000000000
0.424428259264771, 1.00000000000000, 0.424428259264771
1.00000000000000, 0.424428259264771, 1.00000000000000

0.424428259264771, 1.00000000000000, 0.424428259264771
1.00000000000000, 0.424428259264771, 1.00000000000000
0.424428259264771, 1.00000000000000, 0.424428259264771

1.00000000000000, 0.424428259264771, 1.00000000000000
0.424428259264771, 1.00000000000000, 0.424428259264771
1.00000000000000, 0.424428259264771, 1.00000000000000

0.424428259264771, 1.00000000000000, 0.424428259264771
1.00000000000000, 0.424428259264771, 1.00000000000000
0.424428259264771, 1.00000000000000, 0.424428259264771

1.00000000000000, 0.424428259264771, 1.00000000000000
0.424428259264771, 1.00000000000000, 0.424428259264771
1.00000000000000, 0.424428259264771, 1.00000000000000

0.424428259264771, 1.00000000000000, 0.424428259264771
1.00000000000000, 0.424428259264771, 1.00000000000000
0.424428259264771, 1.00000000000000, 0.424428259264771

1.00000000000000, 0.424428259264771, 1.00000000000000
0.424428259264771, 1.00000000000000, 0.424428259264771
1.00000000000000, 0.424428259264771, 1.00000000000000

0.424428259264771, 1.00000000000000, 0.424428259264771
1.00000000000000, 0.424428259264771, 1.00000000000000
0.424428259264771, 1.00000000000000, 0.424428259264771
 