Attribute names:	P0	P1	P2	P3	P4
Minor allele frequencies:	0.100	0.100	0.100	0.100	0.100
x: 0.401007276897119
y: 1.49372033280223
Prevalence: 0.668345461495199
Heritability: 0.400000000000000

Table:

0.401007276897119, 1.00000000000000, 0.401007276897119
1.00000000000000, 0.401007276897119, 1.00000000000000
0.401007276897119, 1.00000000000000, 0.401007276897119

1.00000000000000, 0.401007276897119, 1.00000000000000
0.401007276897119, 1.00000000000000, 0.401007276897119
1.00000000000000, 0.401007276897119, 1.00000000000000

0.401007276897119, 1.00000000000000, 0.401007276897119
1.00000000000000, 0.401007276897119, 1.00000000000000
0.401007276897119, 1.00000000000000, 0.401007276897119

1.00000000000000, 0.401007276897119, 1.00000000000000
0.401007276897119, 1.00000000000000, 0.401007276897119
1.00000000000000, 0.401007276897119, 1.00000000000000

0.401007276897119, 1.00000000000000, 0.401007276897119
1.00000000000000, 0.401007276897119, 1.00000000000000
0.401007276897119, 1.00000000000000, 0.401007276897119

1.00000000000000, 0.401007276897119, 1.00000000000000
0.401007276897119, 1.00000000000000, 0.401007276897119
1.00000000000000, 0.401007276897119, 1.00000000000000

0.401007276897119, 1.00000000000000, 0.401007276897119
1.00000000000000, 0.401007276897119, 1.00000000000000
0.401007276897119, 1.00000000000000, 0.401007276897119

1.00000000000000, 0.401007276897119, 1.00000000000000
0.401007276897119, 1.00000000000000, 0.401007276897119
1.00000000000000, 0.401007276897119, 1.00000000000000

0.401007276897119, 1.00000000000000, 0.401007276897119
1.00000000000000, 0.401007276897119, 1.00000000000000
0.401007276897119, 1.00000000000000, 0.401007276897119

1.00000000000000, 0.401007276897119, 1.00000000000000
0.401007276897119, 1.00000000000000, 0.401007276897119
1.00000000000000, 0.401007276897119, 1.00000000000000

0.401007276897119, 1.00000000000000, 0.401007276897119
1.00000000000000, 0.401007276897119, 1.00000000000000
0.401007276897119, 1.00000000000000, 0.401007276897119

1.00000000000000, 0.401007276897119, 1.00000000000000
0.401007276897119, 1.00000000000000, 0.401007276897119
1.00000000000000, 0.401007276897119, 1.00000000000000

0.401007276897119, 1.00000000000000, 0.401007276897119
1.00000000000000, 0.401007276897119, 1.00000000000000
0.401007276897119, 1.00000000000000, 0.401007276897119

1.00000000000000, 0.401007276897119, 1.00000000000000
0.401007276897119, 1.00000000000000, 0.401007276897119
1.00000000000000, 0.401007276897119, 1.00000000000000

0.401007276897119, 1.00000000000000, 0.401007276897119
1.00000000000000, 0.401007276897119, 1.00000000000000
0.401007276897119, 1.00000000000000, 0.401007276897119

1.00000000000000, 0.401007276897119, 1.00000000000000
0.401007276897119, 1.00000000000000, 0.401007276897119
1.00000000000000, 0.401007276897119, 1.00000000000000

0.401007276897119, 1.00000000000000, 0.401007276897119
1.00000000000000, 0.401007276897119, 1.00000000000000
0.401007276897119, 1.00000000000000, 0.401007276897119

1.00000000000000, 0.401007276897119, 1.00000000000000
0.401007276897119, 1.00000000000000, 0.401007276897119
1.00000000000000, 0.401007276897119, 1.00000000000000

0.401007276897119, 1.00000000000000, 0.401007276897119
1.00000000000000, 0.401007276897119, 1.00000000000000
0.401007276897119, 1.00000000000000, 0.401007276897119

1.00000000000000, 0.401007276897119, 1.00000000000000
0.401007276897119, 1.00000000000000, 0.401007276897119
1.00000000000000, 0.401007276897119, 1.00000000000000

0.401007276897119, 1.00000000000000, 0.401007276897119
1.00000000000000, 0.401007276897119, 1.00000000000000
0.401007276897119, 1.00000000000000, 0.401007276897119

1.00000000000000, 0.401007276897119, 1.00000000000000
0.401007276897119, 1.00000000000000, 0.401007276897119
1.00000000000000, 0.401007276897119, 1.00000000000000

0.401007276897119, 1.00000000000000, 0.401007276897119
1.00000000000000, 0.401007276897119, 1.00000000000000
0.401007276897119, 1.00000000000000, 0.401007276897119

1.00000000000000, 0.401007276897119, 1.00000000000000
0.401007276897119, 1.00000000000000, 0.401007276897119
1.00000000000000, 0.401007276897119, 1.00000000000000

0.401007276897119, 1.00000000000000, 0.401007276897119
1.00000000000000, 0.401007276897119, 1.00000000000000
0.401007276897119, 1.00000000000000, 0.401007276897119

1.00000000000000, 0.401007276897119, 1.00000000000000
0.401007276897119, 1.00000000000000, 0.401007276897119
1.00000000000000, 0.401007276897119, 1.00000000000000

0.401007276897119, 1.00000000000000, 0.401007276897119
1.00000000000000, 0.401007276897119, 1.00000000000000
0.401007276897119, 1.00000000000000, 0.401007276897119
 