Attribute names:	P0	P1	P2	P3	P4
Minor allele frequencies:	0.050	0.050	0.050	0.050	0.050
x: 0.565716462355288
y: 0.767669966393815
Prevalence: 0.707145577944110
Heritability: 0.200000000000000

Table:

0.565716462355288, 1.00000000000000, 0.565716462355288
1.00000000000000, 0.565716462355288, 1.00000000000000
0.565716462355288, 1.00000000000000, 0.565716462355288

1.00000000000000, 0.565716462355288, 1.00000000000000
0.565716462355288, 1.00000000000000, 0.565716462355288
1.00000000000000, 0.565716462355288, 1.00000000000000

0.565716462355288, 1.00000000000000, 0.565716462355288
1.00000000000000, 0.565716462355288, 1.00000000000000
0.565716462355288, 1.00000000000000, 0.565716462355288

1.00000000000000, 0.565716462355288, 1.00000000000000
0.565716462355288, 1.00000000000000, 0.565716462355288
1.00000000000000, 0.565716462355288, 1.00000000000000

0.565716462355288, 1.00000000000000, 0.565716462355288
1.00000000000000, 0.565716462355288, 1.00000000000000
0.565716462355288, 1.00000000000000, 0.565716462355288

1.00000000000000, 0.565716462355288, 1.00000000000000
0.565716462355288, 1.00000000000000, 0.565716462355288
1.00000000000000, 0.565716462355288, 1.00000000000000

0.565716462355288, 1.00000000000000, 0.565716462355288
1.00000000000000, 0.565716462355288, 1.00000000000000
0.565716462355288, 1.00000000000000, 0.565716462355288

1.00000000000000, 0.565716462355288, 1.00000000000000
0.565716462355288, 1.00000000000000, 0.565716462355288
1.00000000000000, 0.565716462355288, 1.00000000000000

0.565716462355288, 1.00000000000000, 0.565716462355288
1.00000000000000, 0.565716462355288, 1.00000000000000
0.565716462355288, 1.00000000000000, 0.565716462355288

1.00000000000000, 0.565716462355288, 1.00000000000000
0.565716462355288, 1.00000000000000, 0.565716462355288
1.00000000000000, 0.565716462355288, 1.00000000000000

0.565716462355288, 1.00000000000000, 0.565716462355288
1.00000000000000, 0.565716462355288, 1.00000000000000
0.565716462355288, 1.00000000000000, 0.565716462355288

1.00000000000000, 0.565716462355288, 1.00000000000000
0.565716462355288, 1.00000000000000, 0.565716462355288
1.00000000000000, 0.565716462355288, 1.00000000000000

0.565716462355288, 1.00000000000000, 0.565716462355288
1.00000000000000, 0.565716462355288, 1.00000000000000
0.565716462355288, 1.00000000000000, 0.565716462355288

1.00000000000000, 0.565716462355288, 1.00000000000000
0.565716462355288, 1.00000000000000, 0.565716462355288
1.00000000000000, 0.565716462355288, 1.00000000000000

0.565716462355288, 1.00000000000000, 0.565716462355288
1.00000000000000, 0.565716462355288, 1.00000000000000
0.565716462355288, 1.00000000000000, 0.565716462355288

1.00000000000000, 0.565716462355288, 1.00000000000000
0.565716462355288, 1.00000000000000, 0.565716462355288
1.00000000000000, 0.565716462355288, 1.00000000000000

0.565716462355288, 1.00000000000000, 0.565716462355288
1.00000000000000, 0.565716462355288, 1.00000000000000
0.565716462355288, 1.00000000000000, 0.565716462355288

1.00000000000000, 0.565716462355288, 1.00000000000000
0.565716462355288, 1.00000000000000, 0.565716462355288
1.00000000000000, 0.565716462355288, 1.00000000000000

0.565716462355288, 1.00000000000000, 0.565716462355288
1.00000000000000, 0.565716462355288, 1.00000000000000
0.565716462355288, 1.00000000000000, 0.565716462355288

1.00000000000000, 0.565716462355288, 1.00000000000000
0.565716462355288, 1.00000000000000, 0.565716462355288
1.00000000000000, 0.565716462355288, 1.00000000000000

0.565716462355288, 1.00000000000000, 0.565716462355288
1.00000000000000, 0.565716462355288, 1.00000000000000
0.565716462355288, 1.00000000000000, 0.565716462355288

1.00000000000000, 0.565716462355288, 1.00000000000000
0.565716462355288, 1.00000000000000, 0.565716462355288
1.00000000000000, 0.565716462355288, 1.00000000000000

0.565716462355288, 1.00000000000000, 0.565716462355288
1.00000000000000, 0.565716462355288, 1.00000000000000
0.565716462355288, 1.00000000000000, 0.565716462355288

1.00000000000000, 0.565716462355288, 1.00000000000000
0.565716462355288, 1.00000000000000, 0.565716462355288
1.00000000000000, 0.565716462355288, 1.00000000000000

0.565716462355288, 1.00000000000000, 0.565716462355288
1.00000000000000, 0.565716462355288, 1.00000000000000
0.565716462355288, 1.00000000000000, 0.565716462355288

1.00000000000000, 0.565716462355288, 1.00000000000000
0.565716462355288, 1.00000000000000, 0.565716462355288
1.00000000000000, 0.565716462355288, 1.00000000000000

0.565716462355288, 1.00000000000000, 0.565716462355288
1.00000000000000, 0.565716462355288, 1.00000000000000
0.565716462355288, 1.00000000000000, 0.565716462355288
 