Attribute names:	P0	P1	P2	P3	P4
Minor allele frequencies:	0.200	0.200	0.200	0.200	0.200
x: 0.665317535412810
y: 0.503041700801601
Prevalence: 0.831646919266013
Heritability: 0.200000000000000

Table:

0.665317535412810, 1.00000000000000, 0.665317535412810
1.00000000000000, 0.665317535412810, 1.00000000000000
0.665317535412810, 1.00000000000000, 0.665317535412810

1.00000000000000, 0.665317535412810, 1.00000000000000
0.665317535412810, 1.00000000000000, 0.665317535412810
1.00000000000000, 0.665317535412810, 1.00000000000000

0.665317535412810, 1.00000000000000, 0.665317535412810
1.00000000000000, 0.665317535412810, 1.00000000000000
0.665317535412810, 1.00000000000000, 0.665317535412810

1.00000000000000, 0.665317535412810, 1.00000000000000
0.665317535412810, 1.00000000000000, 0.665317535412810
1.00000000000000, 0.665317535412810, 1.00000000000000

0.665317535412810, 1.00000000000000, 0.665317535412810
1.00000000000000, 0.665317535412810, 1.00000000000000
0.665317535412810, 1.00000000000000, 0.665317535412810

1.00000000000000, 0.665317535412810, 1.00000000000000
0.665317535412810, 1.00000000000000, 0.665317535412810
1.00000000000000, 0.665317535412810, 1.00000000000000

0.665317535412810, 1.00000000000000, 0.665317535412810
1.00000000000000, 0.665317535412810, 1.00000000000000
0.665317535412810, 1.00000000000000, 0.665317535412810

1.00000000000000, 0.665317535412810, 1.00000000000000
0.665317535412810, 1.00000000000000, 0.665317535412810
1.00000000000000, 0.665317535412810, 1.00000000000000

0.665317535412810, 1.00000000000000, 0.665317535412810
1.00000000000000, 0.665317535412810, 1.00000000000000
0.665317535412810, 1.00000000000000, 0.665317535412810

1.00000000000000, 0.665317535412810, 1.00000000000000
0.665317535412810, 1.00000000000000, 0.665317535412810
1.00000000000000, 0.665317535412810, 1.00000000000000

0.665317535412810, 1.00000000000000, 0.665317535412810
1.00000000000000, 0.665317535412810, 1.00000000000000
0.665317535412810, 1.00000000000000, 0.665317535412810

1.00000000000000, 0.665317535412810, 1.00000000000000
0.665317535412810, 1.00000000000000, 0.665317535412810
1.00000000000000, 0.665317535412810, 1.00000000000000

0.665317535412810, 1.00000000000000, 0.665317535412810
1.00000000000000, 0.665317535412810, 1.00000000000000
0.665317535412810, 1.00000000000000, 0.665317535412810

1.00000000000000, 0.665317535412810, 1.00000000000000
0.665317535412810, 1.00000000000000, 0.665317535412810
1.00000000000000, 0.665317535412810, 1.00000000000000

0.665317535412810, 1.00000000000000, 0.665317535412810
1.00000000000000, 0.665317535412810, 1.00000000000000
0.665317535412810, 1.00000000000000, 0.665317535412810

1.00000000000000, 0.665317535412810, 1.00000000000000
0.665317535412810, 1.00000000000000, 0.665317535412810
1.00000000000000, 0.665317535412810, 1.00000000000000

0.665317535412810, 1.00000000000000, 0.665317535412810
1.00000000000000, 0.665317535412810, 1.00000000000000
0.665317535412810, 1.00000000000000, 0.665317535412810

1.00000000000000, 0.665317535412810, 1.00000000000000
0.665317535412810, 1.00000000000000, 0.665317535412810
1.00000000000000, 0.665317535412810, 1.00000000000000

0.665317535412810, 1.00000000000000, 0.665317535412810
1.00000000000000, 0.665317535412810, 1.00000000000000
0.665317535412810, 1.00000000000000, 0.665317535412810

1.00000000000000, 0.665317535412810, 1.00000000000000
0.665317535412810, 1.00000000000000, 0.665317535412810
1.00000000000000, 0.665317535412810, 1.00000000000000

0.665317535412810, 1.00000000000000, 0.665317535412810
1.00000000000000, 0.665317535412810, 1.00000000000000
0.665317535412810, 1.00000000000000, 0.665317535412810

1.00000000000000, 0.665317535412810, 1.00000000000000
0.665317535412810, 1.00000000000000, 0.665317535412810
1.00000000000000, 0.665317535412810, 1.00000000000000

0.665317535412810, 1.00000000000000, 0.665317535412810
1.00000000000000, 0.665317535412810, 1.00000000000000
0.665317535412810, 1.00000000000000, 0.665317535412810

1.00000000000000, 0.665317535412810, 1.00000000000000
0.665317535412810, 1.00000000000000, 0.665317535412810
1.00000000000000, 0.665317535412810, 1.00000000000000

0.665317535412810, 1.00000000000000, 0.665317535412810
1.00000000000000, 0.665317535412810, 1.00000000000000
0.665317535412810, 1.00000000000000, 0.665317535412810

1.00000000000000, 0.665317535412810, 1.00000000000000
0.665317535412810, 1.00000000000000, 0.665317535412810
1.00000000000000, 0.665317535412810, 1.00000000000000

0.665317535412810, 1.00000000000000, 0.665317535412810
1.00000000000000, 0.665317535412810, 1.00000000000000
0.665317535412810, 1.00000000000000, 0.665317535412810
 