Attribute names:	P0	P1	P2	P3	P4	P5
Minor allele frequencies:	0.100	0.100	0.100	0.100	0.100	0.100
x: 0.978767849877278
y: 0.0216927334969007
Prevalence: 0.988654393815432
Heritability: 0.0100000000000000

Table:

0.978767849877278, 1.00000000000000, 0.978767849877278
1.00000000000000, 0.978767849877278, 1.00000000000000
0.978767849877278, 1.00000000000000, 0.978767849877278

1.00000000000000, 0.978767849877278, 1.00000000000000
0.978767849877278, 1.00000000000000, 0.978767849877278
1.00000000000000, 0.978767849877278, 1.00000000000000

0.978767849877278, 1.00000000000000, 0.978767849877278
1.00000000000000, 0.978767849877278, 1.00000000000000
0.978767849877278, 1.00000000000000, 0.978767849877278

1.00000000000000, 0.978767849877278, 1.00000000000000
0.978767849877278, 1.00000000000000, 0.978767849877278
1.00000000000000, 0.978767849877278, 1.00000000000000

0.978767849877278, 1.00000000000000, 0.978767849877278
1.00000000000000, 0.978767849877278, 1.00000000000000
0.978767849877278, 1.00000000000000, 0.978767849877278

1.00000000000000, 0.978767849877278, 1.00000000000000
0.978767849877278, 1.00000000000000, 0.978767849877278
1.00000000000000, 0.978767849877278, 1.00000000000000

0.978767849877278, 1.00000000000000, 0.978767849877278
1.00000000000000, 0.978767849877278, 1.00000000000000
0.978767849877278, 1.00000000000000, 0.978767849877278

1.00000000000000, 0.978767849877278, 1.00000000000000
0.978767849877278, 1.00000000000000, 0.978767849877278
1.00000000000000, 0.978767849877278, 1.00000000000000

0.978767849877278, 1.00000000000000, 0.978767849877278
1.00000000000000, 0.978767849877278, 1.00000000000000
0.978767849877278, 1.00000000000000, 0.978767849877278

1.00000000000000, 0.978767849877278, 1.00000000000000
0.978767849877278, 1.00000000000000, 0.978767849877278
1.00000000000000, 0.978767849877278, 1.00000000000000

0.978767849877278, 1.00000000000000, 0.978767849877278
1.00000000000000, 0.978767849877278, 1.00000000000000
0.978767849877278, 1.00000000000000, 0.978767849877278

1.00000000000000, 0.978767849877278, 1.00000000000000
0.978767849877278, 1.00000000000000, 0.978767849877278
1.00000000000000, 0.978767849877278, 1.00000000000000

0.978767849877278, 1.00000000000000, 0.978767849877278
1.00000000000000, 0.978767849877278, 1.00000000000000
0.978767849877278, 1.00000000000000, 0.978767849877278

1.00000000000000, 0.978767849877278, 1.00000000000000
0.978767849877278, 1.00000000000000, 0.978767849877278
1.00000000000000, 0.978767849877278, 1.00000000000000

0.978767849877278, 1.00000000000000, 0.978767849877278
1.00000000000000, 0.978767849877278, 1.00000000000000
0.978767849877278, 1.00000000000000, 0.978767849877278

1.00000000000000, 0.978767849877278, 1.00000000000000
0.978767849877278, 1.00000000000000, 0.978767849877278
1.00000000000000, 0.978767849877278, 1.00000000000000

0.978767849877278, 1.00000000000000, 0.978767849877278
1.00000000000000, 0.978767849877278, 1.00000000000000
0.978767849877278, 1.00000000000000, 0.978767849877278

1.00000000000000, 0.978767849877278, 1.00000000000000
0.978767849877278, 1.00000000000000, 0.978767849877278
1.00000000000000, 0.978767849877278, 1.00000000000000

0.978767849877278, 1.00000000000000, 0.978767849877278
1.00000000000000, 0.978767849877278, 1.00000000000000
0.978767849877278, 1.00000000000000, 0.978767849877278

1.00000000000000, 0.978767849877278, 1.00000000000000
0.978767849877278, 1.00000000000000, 0.978767849877278
1.00000000000000, 0.978767849877278, 1.00000000000000

0.978767849877278, 1.00000000000000, 0.978767849877278
1.00000000000000, 0.978767849877278, 1.00000000000000
0.978767849877278, 1.00000000000000, 0.978767849877278

1.00000000000000, 0.978767849877278, 1.00000000000000
0.978767849877278, 1.00000000000000, 0.978767849877278
1.00000000000000, 0.978767849877278, 1.00000000000000

0.978767849877278, 1.00000000000000, 0.978767849877278
1.00000000000000, 0.978767849877278, 1.00000000000000
0.978767849877278, 1.00000000000000, 0.978767849877278

1.00000000000000, 0.978767849877278, 1.00000000000000
0.978767849877278, 1.00000000000000, 0.978767849877278
1.00000000000000, 0.978767849877278, 1.00000000000000

0.978767849877278, 1.00000000000000, 0.978767849877278
1.00000000000000, 0.978767849877278, 1.00000000000000
0.978767849877278, 1.00000000000000, 0.978767849877278

1.00000000000000, 0.978767849877278, 1.00000000000000
0.978767849877278, 1.00000000000000, 0.978767849877278
1.00000000000000, 0.978767849877278, 1.00000000000000

0.978767849877278, 1.00000000000000, 0.978767849877278
1.00000000000000, 0.978767849877278, 1.00000000000000
0.978767849877278, 1.00000000000000, 0.978767849877278

1.00000000000000, 0.978767849877278, 1.00000000000000
0.978767849877278, 1.00000000000000, 0.978767849877278
1.00000000000000, 0.978767849877278, 1.00000000000000

0.978767849877278, 1.00000000000000, 0.978767849877278
1.00000000000000, 0.978767849877278, 1.00000000000000
0.978767849877278, 1.00000000000000, 0.978767849877278

1.00000000000000, 0.978767849877278, 1.00000000000000
0.978767849877278, 1.00000000000000, 0.978767849877278
1.00000000000000, 0.978767849877278, 1.00000000000000

0.978767849877278, 1.00000000000000, 0.978767849877278
1.00000000000000, 0.978767849877278, 1.00000000000000
0.978767849877278, 1.00000000000000, 0.978767849877278

1.00000000000000, 0.978767849877278, 1.00000000000000
0.978767849877278, 1.00000000000000, 0.978767849877278
1.00000000000000, 0.978767849877278, 1.00000000000000

0.978767849877278, 1.00000000000000, 0.978767849877278
1.00000000000000, 0.978767849877278, 1.00000000000000
0.978767849877278, 1.00000000000000, 0.978767849877278

1.00000000000000, 0.978767849877278, 1.00000000000000
0.978767849877278, 1.00000000000000, 0.978767849877278
1.00000000000000, 0.978767849877278, 1.00000000000000

0.978767849877278, 1.00000000000000, 0.978767849877278
1.00000000000000, 0.978767849877278, 1.00000000000000
0.978767849877278, 1.00000000000000, 0.978767849877278

1.00000000000000, 0.978767849877278, 1.00000000000000
0.978767849877278, 1.00000000000000, 0.978767849877278
1.00000000000000, 0.978767849877278, 1.00000000000000

0.978767849877278, 1.00000000000000, 0.978767849877278
1.00000000000000, 0.978767849877278, 1.00000000000000
0.978767849877278, 1.00000000000000, 0.978767849877278

1.00000000000000, 0.978767849877278, 1.00000000000000
0.978767849877278, 1.00000000000000, 0.978767849877278
1.00000000000000, 0.978767849877278, 1.00000000000000

0.978767849877278, 1.00000000000000, 0.978767849877278
1.00000000000000, 0.978767849877278, 1.00000000000000
0.978767849877278, 1.00000000000000, 0.978767849877278

1.00000000000000, 0.978767849877278, 1.00000000000000
0.978767849877278, 1.00000000000000, 0.978767849877278
1.00000000000000, 0.978767849877278, 1.00000000000000

0.978767849877278, 1.00000000000000, 0.978767849877278
1.00000000000000, 0.978767849877278, 1.00000000000000
0.978767849877278, 1.00000000000000, 0.978767849877278

1.00000000000000, 0.978767849877278, 1.00000000000000
0.978767849877278, 1.00000000000000, 0.978767849877278
1.00000000000000, 0.978767849877278, 1.00000000000000

0.978767849877278, 1.00000000000000, 0.978767849877278
1.00000000000000, 0.978767849877278, 1.00000000000000
0.978767849877278, 1.00000000000000, 0.978767849877278

1.00000000000000, 0.978767849877278, 1.00000000000000
0.978767849877278, 1.00000000000000, 0.978767849877278
1.00000000000000, 0.978767849877278, 1.00000000000000

0.978767849877278, 1.00000000000000, 0.978767849877278
1.00000000000000, 0.978767849877278, 1.00000000000000
0.978767849877278, 1.00000000000000, 0.978767849877278

1.00000000000000, 0.978767849877278, 1.00000000000000
0.978767849877278, 1.00000000000000, 0.978767849877278
1.00000000000000, 0.978767849877278, 1.00000000000000

0.978767849877278, 1.00000000000000, 0.978767849877278
1.00000000000000, 0.978767849877278, 1.00000000000000
0.978767849877278, 1.00000000000000, 0.978767849877278

1.00000000000000, 0.978767849877278, 1.00000000000000
0.978767849877278, 1.00000000000000, 0.978767849877278
1.00000000000000, 0.978767849877278, 1.00000000000000

0.978767849877278, 1.00000000000000, 0.978767849877278
1.00000000000000, 0.978767849877278, 1.00000000000000
0.978767849877278, 1.00000000000000, 0.978767849877278

1.00000000000000, 0.978767849877278, 1.00000000000000
0.978767849877278, 1.00000000000000, 0.978767849877278
1.00000000000000, 0.978767849877278, 1.00000000000000

0.978767849877278, 1.00000000000000, 0.978767849877278
1.00000000000000, 0.978767849877278, 1.00000000000000
0.978767849877278, 1.00000000000000, 0.978767849877278

1.00000000000000, 0.978767849877278, 1.00000000000000
0.978767849877278, 1.00000000000000, 0.978767849877278
1.00000000000000, 0.978767849877278, 1.00000000000000

0.978767849877278, 1.00000000000000, 0.978767849877278
1.00000000000000, 0.978767849877278, 1.00000000000000
0.978767849877278, 1.00000000000000, 0.978767849877278

1.00000000000000, 0.978767849877278, 1.00000000000000
0.978767849877278, 1.00000000000000, 0.978767849877278
1.00000000000000, 0.978767849877278, 1.00000000000000

0.978767849877278, 1.00000000000000, 0.978767849877278
1.00000000000000, 0.978767849877278, 1.00000000000000
0.978767849877278, 1.00000000000000, 0.978767849877278

1.00000000000000, 0.978767849877278, 1.00000000000000
0.978767849877278, 1.00000000000000, 0.978767849877278
1.00000000000000, 0.978767849877278, 1.00000000000000

0.978767849877278, 1.00000000000000, 0.978767849877278
1.00000000000000, 0.978767849877278, 1.00000000000000
0.978767849877278, 1.00000000000000, 0.978767849877278

1.00000000000000, 0.978767849877278, 1.00000000000000
0.978767849877278, 1.00000000000000, 0.978767849877278
1.00000000000000, 0.978767849877278, 1.00000000000000

0.978767849877278, 1.00000000000000, 0.978767849877278
1.00000000000000, 0.978767849877278, 1.00000000000000
0.978767849877278, 1.00000000000000, 0.978767849877278

1.00000000000000, 0.978767849877278, 1.00000000000000
0.978767849877278, 1.00000000000000, 0.978767849877278
1.00000000000000, 0.978767849877278, 1.00000000000000

0.978767849877278, 1.00000000000000, 0.978767849877278
1.00000000000000, 0.978767849877278, 1.00000000000000
0.978767849877278, 1.00000000000000, 0.978767849877278

1.00000000000000, 0.978767849877278, 1.00000000000000
0.978767849877278, 1.00000000000000, 0.978767849877278
1.00000000000000, 0.978767849877278, 1.00000000000000

0.978767849877278, 1.00000000000000, 0.978767849877278
1.00000000000000, 0.978767849877278, 1.00000000000000
0.978767849877278, 1.00000000000000, 0.978767849877278

1.00000000000000, 0.978767849877278, 1.00000000000000
0.978767849877278, 1.00000000000000, 0.978767849877278
1.00000000000000, 0.978767849877278, 1.00000000000000

0.978767849877278, 1.00000000000000, 0.978767849877278
1.00000000000000, 0.978767849877278, 1.00000000000000
0.978767849877278, 1.00000000000000, 0.978767849877278

1.00000000000000, 0.978767849877278, 1.00000000000000
0.978767849877278, 1.00000000000000, 0.978767849877278
1.00000000000000, 0.978767849877278, 1.00000000000000

0.978767849877278, 1.00000000000000, 0.978767849877278
1.00000000000000, 0.978767849877278, 1.00000000000000
0.978767849877278, 1.00000000000000, 0.978767849877278

1.00000000000000, 0.978767849877278, 1.00000000000000
0.978767849877278, 1.00000000000000, 0.978767849877278
1.00000000000000, 0.978767849877278, 1.00000000000000

0.978767849877278, 1.00000000000000, 0.978767849877278
1.00000000000000, 0.978767849877278, 1.00000000000000
0.978767849877278, 1.00000000000000, 0.978767849877278

1.00000000000000, 0.978767849877278, 1.00000000000000
0.978767849877278, 1.00000000000000, 0.978767849877278
1.00000000000000, 0.978767849877278, 1.00000000000000

0.978767849877278, 1.00000000000000, 0.978767849877278
1.00000000000000, 0.978767849877278, 1.00000000000000
0.978767849877278, 1.00000000000000, 0.978767849877278

1.00000000000000, 0.978767849877278, 1.00000000000000
0.978767849877278, 1.00000000000000, 0.978767849877278
1.00000000000000, 0.978767849877278, 1.00000000000000

0.978767849877278, 1.00000000000000, 0.978767849877278
1.00000000000000, 0.978767849877278, 1.00000000000000
0.978767849877278, 1.00000000000000, 0.978767849877278

1.00000000000000, 0.978767849877278, 1.00000000000000
0.978767849877278, 1.00000000000000, 0.978767849877278
1.00000000000000, 0.978767849877278, 1.00000000000000

0.978767849877278, 1.00000000000000, 0.978767849877278
1.00000000000000, 0.978767849877278, 1.00000000000000
0.978767849877278, 1.00000000000000, 0.978767849877278

1.00000000000000, 0.978767849877278, 1.00000000000000
0.978767849877278, 1.00000000000000, 0.978767849877278
1.00000000000000, 0.978767849877278, 1.00000000000000

0.978767849877278, 1.00000000000000, 0.978767849877278
1.00000000000000, 0.978767849877278, 1.00000000000000
0.978767849877278, 1.00000000000000, 0.978767849877278

1.00000000000000, 0.978767849877278, 1.00000000000000
0.978767849877278, 1.00000000000000, 0.978767849877278
1.00000000000000, 0.978767849877278, 1.00000000000000

0.978767849877278, 1.00000000000000, 0.978767849877278
1.00000000000000, 0.978767849877278, 1.00000000000000
0.978767849877278, 1.00000000000000, 0.978767849877278

1.00000000000000, 0.978767849877278, 1.00000000000000
0.978767849877278, 1.00000000000000, 0.978767849877278
1.00000000000000, 0.978767849877278, 1.00000000000000

0.978767849877278, 1.00000000000000, 0.978767849877278
1.00000000000000, 0.978767849877278, 1.00000000000000
0.978767849877278, 1.00000000000000, 0.978767849877278
 