Attribute names:	P0	P1	P2	P3	P4	P5
Minor allele frequencies:	0.100	0.100	0.100	0.100	0.100	0.100
x: 0.650662471910285
y: 0.536895154048291
Prevalence: 0.813328089887856
Heritability: 0.200000000000000

Table:

0.650662471910285, 1.00000000000000, 0.650662471910285
1.00000000000000, 0.650662471910285, 1.00000000000000
0.650662471910285, 1.00000000000000, 0.650662471910285

1.00000000000000, 0.650662471910285, 1.00000000000000
0.650662471910285, 1.00000000000000, 0.650662471910285
1.00000000000000, 0.650662471910285, 1.00000000000000

0.650662471910285, 1.00000000000000, 0.650662471910285
1.00000000000000, 0.650662471910285, 1.00000000000000
0.650662471910285, 1.00000000000000, 0.650662471910285

1.00000000000000, 0.650662471910285, 1.00000000000000
0.650662471910285, 1.00000000000000, 0.650662471910285
1.00000000000000, 0.650662471910285, 1.00000000000000

0.650662471910285, 1.00000000000000, 0.650662471910285
1.00000000000000, 0.650662471910285, 1.00000000000000
0.650662471910285, 1.00000000000000, 0.650662471910285

1.00000000000000, 0.650662471910285, 1.00000000000000
0.650662471910285, 1.00000000000000, 0.650662471910285
1.00000000000000, 0.650662471910285, 1.00000000000000

0.650662471910285, 1.00000000000000, 0.650662471910285
1.00000000000000, 0.650662471910285, 1.00000000000000
0.650662471910285, 1.00000000000000, 0.650662471910285

1.00000000000000, 0.650662471910285, 1.00000000000000
0.650662471910285, 1.00000000000000, 0.650662471910285
1.00000000000000, 0.650662471910285, 1.00000000000000

0.650662471910285, 1.00000000000000, 0.650662471910285
1.00000000000000, 0.650662471910285, 1.00000000000000
0.650662471910285, 1.00000000000000, 0.650662471910285

1.00000000000000, 0.650662471910285, 1.00000000000000
0.650662471910285, 1.00000000000000, 0.650662471910285
1.00000000000000, 0.650662471910285, 1.00000000000000

0.650662471910285, 1.00000000000000, 0.650662471910285
1.00000000000000, 0.650662471910285, 1.00000000000000
0.650662471910285, 1.00000000000000, 0.650662471910285

1.00000000000000, 0.650662471910285, 1.00000000000000
0.650662471910285, 1.00000000000000, 0.650662471910285
1.00000000000000, 0.650662471910285, 1.00000000000000

0.650662471910285, 1.00000000000000, 0.650662471910285
1.00000000000000, 0.650662471910285, 1.00000000000000
0.650662471910285, 1.00000000000000, 0.650662471910285

1.00000000000000, 0.650662471910285, 1.00000000000000
0.650662471910285, 1.00000000000000, 0.650662471910285
1.00000000000000, 0.650662471910285, 1.00000000000000

0.650662471910285, 1.00000000000000, 0.650662471910285
1.00000000000000, 0.650662471910285, 1.00000000000000
0.650662471910285, 1.00000000000000, 0.650662471910285

1.00000000000000, 0.650662471910285, 1.00000000000000
0.650662471910285, 1.00000000000000, 0.650662471910285
1.00000000000000, 0.650662471910285, 1.00000000000000

0.650662471910285, 1.00000000000000, 0.650662471910285
1.00000000000000, 0.650662471910285, 1.00000000000000
0.650662471910285, 1.00000000000000, 0.650662471910285

1.00000000000000, 0.650662471910285, 1.00000000000000
0.650662471910285, 1.00000000000000, 0.650662471910285
1.00000000000000, 0.650662471910285, 1.00000000000000

0.650662471910285, 1.00000000000000, 0.650662471910285
1.00000000000000, 0.650662471910285, 1.00000000000000
0.650662471910285, 1.00000000000000, 0.650662471910285

1.00000000000000, 0.650662471910285, 1.00000000000000
0.650662471910285, 1.00000000000000, 0.650662471910285
1.00000000000000, 0.650662471910285, 1.00000000000000

0.650662471910285, 1.00000000000000, 0.650662471910285
1.00000000000000, 0.650662471910285, 1.00000000000000
0.650662471910285, 1.00000000000000, 0.650662471910285

1.00000000000000, 0.650662471910285, 1.00000000000000
0.650662471910285, 1.00000000000000, 0.650662471910285
1.00000000000000, 0.650662471910285, 1.00000000000000

0.650662471910285, 1.00000000000000, 0.650662471910285
1.00000000000000, 0.650662471910285, 1.00000000000000
0.650662471910285, 1.00000000000000, 0.650662471910285

1.00000000000000, 0.650662471910285, 1.00000000000000
0.650662471910285, 1.00000000000000, 0.650662471910285
1.00000000000000, 0.650662471910285, 1.00000000000000

0.650662471910285, 1.00000000000000, 0.650662471910285
1.00000000000000, 0.650662471910285, 1.00000000000000
0.650662471910285, 1.00000000000000, 0.650662471910285

1.00000000000000, 0.650662471910285, 1.00000000000000
0.650662471910285, 1.00000000000000, 0.650662471910285
1.00000000000000, 0.650662471910285, 1.00000000000000

0.650662471910285, 1.00000000000000, 0.650662471910285
1.00000000000000, 0.650662471910285, 1.00000000000000
0.650662471910285, 1.00000000000000, 0.650662471910285

1.00000000000000, 0.650662471910285, 1.00000000000000
0.650662471910285, 1.00000000000000, 0.650662471910285
1.00000000000000, 0.650662471910285, 1.00000000000000

0.650662471910285, 1.00000000000000, 0.650662471910285
1.00000000000000, 0.650662471910285, 1.00000000000000
0.650662471910285, 1.00000000000000, 0.650662471910285

1.00000000000000, 0.650662471910285, 1.00000000000000
0.650662471910285, 1.00000000000000, 0.650662471910285
1.00000000000000, 0.650662471910285, 1.00000000000000

0.650662471910285, 1.00000000000000, 0.650662471910285
1.00000000000000, 0.650662471910285, 1.00000000000000
0.650662471910285, 1.00000000000000, 0.650662471910285

1.00000000000000, 0.650662471910285, 1.00000000000000
0.650662471910285, 1.00000000000000, 0.650662471910285
1.00000000000000, 0.650662471910285, 1.00000000000000

0.650662471910285, 1.00000000000000, 0.650662471910285
1.00000000000000, 0.650662471910285, 1.00000000000000
0.650662471910285, 1.00000000000000, 0.650662471910285

1.00000000000000, 0.650662471910285, 1.00000000000000
0.650662471910285, 1.00000000000000, 0.650662471910285
1.00000000000000, 0.650662471910285, 1.00000000000000

0.650662471910285, 1.00000000000000, 0.650662471910285
1.00000000000000, 0.650662471910285, 1.00000000000000
0.650662471910285, 1.00000000000000, 0.650662471910285

1.00000000000000, 0.650662471910285, 1.00000000000000
0.650662471910285, 1.00000000000000, 0.650662471910285
1.00000000000000, 0.650662471910285, 1.00000000000000

0.650662471910285, 1.00000000000000, 0.650662471910285
1.00000000000000, 0.650662471910285, 1.00000000000000
0.650662471910285, 1.00000000000000, 0.650662471910285

1.00000000000000, 0.650662471910285, 1.00000000000000
0.650662471910285, 1.00000000000000, 0.650662471910285
1.00000000000000, 0.650662471910285, 1.00000000000000

0.650662471910285, 1.00000000000000, 0.650662471910285
1.00000000000000, 0.650662471910285, 1.00000000000000
0.650662471910285, 1.00000000000000, 0.650662471910285

1.00000000000000, 0.650662471910285, 1.00000000000000
0.650662471910285, 1.00000000000000, 0.650662471910285
1.00000000000000, 0.650662471910285, 1.00000000000000

0.650662471910285, 1.00000000000000, 0.650662471910285
1.00000000000000, 0.650662471910285, 1.00000000000000
0.650662471910285, 1.00000000000000, 0.650662471910285

1.00000000000000, 0.650662471910285, 1.00000000000000
0.650662471910285, 1.00000000000000, 0.650662471910285
1.00000000000000, 0.650662471910285, 1.00000000000000

0.650662471910285, 1.00000000000000, 0.650662471910285
1.00000000000000, 0.650662471910285, 1.00000000000000
0.650662471910285, 1.00000000000000, 0.650662471910285

1.00000000000000, 0.650662471910285, 1.00000000000000
0.650662471910285, 1.00000000000000, 0.650662471910285
1.00000000000000, 0.650662471910285, 1.00000000000000

0.650662471910285, 1.00000000000000, 0.650662471910285
1.00000000000000, 0.650662471910285, 1.00000000000000
0.650662471910285, 1.00000000000000, 0.650662471910285

1.00000000000000, 0.650662471910285, 1.00000000000000
0.650662471910285, 1.00000000000000, 0.650662471910285
1.00000000000000, 0.650662471910285, 1.00000000000000

0.650662471910285, 1.00000000000000, 0.650662471910285
1.00000000000000, 0.650662471910285, 1.00000000000000
0.650662471910285, 1.00000000000000, 0.650662471910285

1.00000000000000, 0.650662471910285, 1.00000000000000
0.650662471910285, 1.00000000000000, 0.650662471910285
1.00000000000000, 0.650662471910285, 1.00000000000000

0.650662471910285, 1.00000000000000, 0.650662471910285
1.00000000000000, 0.650662471910285, 1.00000000000000
0.650662471910285, 1.00000000000000, 0.650662471910285

1.00000000000000, 0.650662471910285, 1.00000000000000
0.650662471910285, 1.00000000000000, 0.650662471910285
1.00000000000000, 0.650662471910285, 1.00000000000000

0.650662471910285, 1.00000000000000, 0.650662471910285
1.00000000000000, 0.650662471910285, 1.00000000000000
0.650662471910285, 1.00000000000000, 0.650662471910285

1.00000000000000, 0.650662471910285, 1.00000000000000
0.650662471910285, 1.00000000000000, 0.650662471910285
1.00000000000000, 0.650662471910285, 1.00000000000000

0.650662471910285, 1.00000000000000, 0.650662471910285
1.00000000000000, 0.650662471910285, 1.00000000000000
0.650662471910285, 1.00000000000000, 0.650662471910285

1.00000000000000, 0.650662471910285, 1.00000000000000
0.650662471910285, 1.00000000000000, 0.650662471910285
1.00000000000000, 0.650662471910285, 1.00000000000000

0.650662471910285, 1.00000000000000, 0.650662471910285
1.00000000000000, 0.650662471910285, 1.00000000000000
0.650662471910285, 1.00000000000000, 0.650662471910285

1.00000000000000, 0.650662471910285, 1.00000000000000
0.650662471910285, 1.00000000000000, 0.650662471910285
1.00000000000000, 0.650662471910285, 1.00000000000000

0.650662471910285, 1.00000000000000, 0.650662471910285
1.00000000000000, 0.650662471910285, 1.00000000000000
0.650662471910285, 1.00000000000000, 0.650662471910285

1.00000000000000, 0.650662471910285, 1.00000000000000
0.650662471910285, 1.00000000000000, 0.650662471910285
1.00000000000000, 0.650662471910285, 1.00000000000000

0.650662471910285, 1.00000000000000, 0.650662471910285
1.00000000000000, 0.650662471910285, 1.00000000000000
0.650662471910285, 1.00000000000000, 0.650662471910285

1.00000000000000, 0.650662471910285, 1.00000000000000
0.650662471910285, 1.00000000000000, 0.650662471910285
1.00000000000000, 0.650662471910285, 1.00000000000000

0.650662471910285, 1.00000000000000, 0.650662471910285
1.00000000000000, 0.650662471910285, 1.00000000000000
0.650662471910285, 1.00000000000000, 0.650662471910285

1.00000000000000, 0.650662471910285, 1.00000000000000
0.650662471910285, 1.00000000000000, 0.650662471910285
1.00000000000000, 0.650662471910285, 1.00000000000000

0.650662471910285, 1.00000000000000, 0.650662471910285
1.00000000000000, 0.650662471910285, 1.00000000000000
0.650662471910285, 1.00000000000000, 0.650662471910285

1.00000000000000, 0.650662471910285, 1.00000000000000
0.650662471910285, 1.00000000000000, 0.650662471910285
1.00000000000000, 0.650662471910285, 1.00000000000000

0.650662471910285, 1.00000000000000, 0.650662471910285
1.00000000000000, 0.650662471910285, 1.00000000000000
0.650662471910285, 1.00000000000000, 0.650662471910285

1.00000000000000, 0.650662471910285, 1.00000000000000
0.650662471910285, 1.00000000000000, 0.650662471910285
1.00000000000000, 0.650662471910285, 1.00000000000000

0.650662471910285, 1.00000000000000, 0.650662471910285
1.00000000000000, 0.650662471910285, 1.00000000000000
0.650662471910285, 1.00000000000000, 0.650662471910285

1.00000000000000, 0.650662471910285, 1.00000000000000
0.650662471910285, 1.00000000000000, 0.650662471910285
1.00000000000000, 0.650662471910285, 1.00000000000000

0.650662471910285, 1.00000000000000, 0.650662471910285
1.00000000000000, 0.650662471910285, 1.00000000000000
0.650662471910285, 1.00000000000000, 0.650662471910285

1.00000000000000, 0.650662471910285, 1.00000000000000
0.650662471910285, 1.00000000000000, 0.650662471910285
1.00000000000000, 0.650662471910285, 1.00000000000000

0.650662471910285, 1.00000000000000, 0.650662471910285
1.00000000000000, 0.650662471910285, 1.00000000000000
0.650662471910285, 1.00000000000000, 0.650662471910285

1.00000000000000, 0.650662471910285, 1.00000000000000
0.650662471910285, 1.00000000000000, 0.650662471910285
1.00000000000000, 0.650662471910285, 1.00000000000000

0.650662471910285, 1.00000000000000, 0.650662471910285
1.00000000000000, 0.650662471910285, 1.00000000000000
0.650662471910285, 1.00000000000000, 0.650662471910285

1.00000000000000, 0.650662471910285, 1.00000000000000
0.650662471910285, 1.00000000000000, 0.650662471910285
1.00000000000000, 0.650662471910285, 1.00000000000000

0.650662471910285, 1.00000000000000, 0.650662471910285
1.00000000000000, 0.650662471910285, 1.00000000000000
0.650662471910285, 1.00000000000000, 0.650662471910285

1.00000000000000, 0.650662471910285, 1.00000000000000
0.650662471910285, 1.00000000000000, 0.650662471910285
1.00000000000000, 0.650662471910285, 1.00000000000000

0.650662471910285, 1.00000000000000, 0.650662471910285
1.00000000000000, 0.650662471910285, 1.00000000000000
0.650662471910285, 1.00000000000000, 0.650662471910285

1.00000000000000, 0.650662471910285, 1.00000000000000
0.650662471910285, 1.00000000000000, 0.650662471910285
1.00000000000000, 0.650662471910285, 1.00000000000000

0.650662471910285, 1.00000000000000, 0.650662471910285
1.00000000000000, 0.650662471910285, 1.00000000000000
0.650662471910285, 1.00000000000000, 0.650662471910285

1.00000000000000, 0.650662471910285, 1.00000000000000
0.650662471910285, 1.00000000000000, 0.650662471910285
1.00000000000000, 0.650662471910285, 1.00000000000000

0.650662471910285, 1.00000000000000, 0.650662471910285
1.00000000000000, 0.650662471910285, 1.00000000000000
0.650662471910285, 1.00000000000000, 0.650662471910285
 