Attribute names:	P0	P1	P2	P3
Minor allele frequencies:	0.100	0.100	0.100	0.100
x: 0.384301238056922
y: 1.60212536669445
Prevalence: 0.640502063428203
Heritability: 0.400000000000000

Table:

0.384301238056922, 1.00000000000000, 0.384301238056922
1.00000000000000, 0.384301238056922, 1.00000000000000
0.384301238056922, 1.00000000000000, 0.384301238056922

1.00000000000000, 0.384301238056922, 1.00000000000000
0.384301238056922, 1.00000000000000, 0.384301238056922
1.00000000000000, 0.384301238056922, 1.00000000000000

0.384301238056922, 1.00000000000000, 0.384301238056922
1.00000000000000, 0.384301238056922, 1.00000000000000
0.384301238056922, 1.00000000000000, 0.384301238056922

1.00000000000000, 0.384301238056922, 1.00000000000000
0.384301238056922, 1.00000000000000, 0.384301238056922
1.00000000000000, 0.384301238056922, 1.00000000000000

0.384301238056922, 1.00000000000000, 0.384301238056922
1.00000000000000, 0.384301238056922, 1.00000000000000
0.384301238056922, 1.00000000000000, 0.384301238056922

1.00000000000000, 0.384301238056922, 1.00000000000000
0.384301238056922, 1.00000000000000, 0.384301238056922
1.00000000000000, 0.384301238056922, 1.00000000000000

0.384301238056922, 1.00000000000000, 0.384301238056922
1.00000000000000, 0.384301238056922, 1.00000000000000
0.384301238056922, 1.00000000000000, 0.384301238056922

1.00000000000000, 0.384301238056922, 1.00000000000000
0.384301238056922, 1.00000000000000, 0.384301238056922
1.00000000000000, 0.384301238056922, 1.00000000000000

0.384301238056922, 1.00000000000000, 0.384301238056922
1.00000000000000, 0.384301238056922, 1.00000000000000
0.384301238056922, 1.00000000000000, 0.384301238056922
 