Attribute names:	P0	P1	P2	P3	P4	P5
Minor allele frequencies:	0.200	0.200	0.200	0.200	0.200	0.200
x: 0.904573966076393
y: 0.105492792742554
Prevalence: 0.952183122185677
Heritability: 0.0500000000000000

Table:

0.904573966076393, 1.00000000000000, 0.904573966076393
1.00000000000000, 0.904573966076393, 1.00000000000000
0.904573966076393, 1.00000000000000, 0.904573966076393

1.00000000000000, 0.904573966076393, 1.00000000000000
0.904573966076393, 1.00000000000000, 0.904573966076393
1.00000000000000, 0.904573966076393, 1.00000000000000

0.904573966076393, 1.00000000000000, 0.904573966076393
1.00000000000000, 0.904573966076393, 1.00000000000000
0.904573966076393, 1.00000000000000, 0.904573966076393

1.00000000000000, 0.904573966076393, 1.00000000000000
0.904573966076393, 1.00000000000000, 0.904573966076393
1.00000000000000, 0.904573966076393, 1.00000000000000

0.904573966076393, 1.00000000000000, 0.904573966076393
1.00000000000000, 0.904573966076393, 1.00000000000000
0.904573966076393, 1.00000000000000, 0.904573966076393

1.00000000000000, 0.904573966076393, 1.00000000000000
0.904573966076393, 1.00000000000000, 0.904573966076393
1.00000000000000, 0.904573966076393, 1.00000000000000

0.904573966076393, 1.00000000000000, 0.904573966076393
1.00000000000000, 0.904573966076393, 1.00000000000000
0.904573966076393, 1.00000000000000, 0.904573966076393

1.00000000000000, 0.904573966076393, 1.00000000000000
0.904573966076393, 1.00000000000000, 0.904573966076393
1.00000000000000, 0.904573966076393, 1.00000000000000

0.904573966076393, 1.00000000000000, 0.904573966076393
1.00000000000000, 0.904573966076393, 1.00000000000000
0.904573966076393, 1.00000000000000, 0.904573966076393

1.00000000000000, 0.904573966076393, 1.00000000000000
0.904573966076393, 1.00000000000000, 0.904573966076393
1.00000000000000, 0.904573966076393, 1.00000000000000

0.904573966076393, 1.00000000000000, 0.904573966076393
1.00000000000000, 0.904573966076393, 1.00000000000000
0.904573966076393, 1.00000000000000, 0.904573966076393

1.00000000000000, 0.904573966076393, 1.00000000000000
0.904573966076393, 1.00000000000000, 0.904573966076393
1.00000000000000, 0.904573966076393, 1.00000000000000

0.904573966076393, 1.00000000000000, 0.904573966076393
1.00000000000000, 0.904573966076393, 1.00000000000000
0.904573966076393, 1.00000000000000, 0.904573966076393

1.00000000000000, 0.904573966076393, 1.00000000000000
0.904573966076393, 1.00000000000000, 0.904573966076393
1.00000000000000, 0.904573966076393, 1.00000000000000

0.904573966076393, 1.00000000000000, 0.904573966076393
1.00000000000000, 0.904573966076393, 1.00000000000000
0.904573966076393, 1.00000000000000, 0.904573966076393

1.00000000000000, 0.904573966076393, 1.00000000000000
0.904573966076393, 1.00000000000000, 0.904573966076393
1.00000000000000, 0.904573966076393, 1.00000000000000

0.904573966076393, 1.00000000000000, 0.904573966076393
1.00000000000000, 0.904573966076393, 1.00000000000000
0.904573966076393, 1.00000000000000, 0.904573966076393

1.00000000000000, 0.904573966076393, 1.00000000000000
0.904573966076393, 1.00000000000000, 0.904573966076393
1.00000000000000, 0.904573966076393, 1.00000000000000

0.904573966076393, 1.00000000000000, 0.904573966076393
1.00000000000000, 0.904573966076393, 1.00000000000000
0.904573966076393, 1.00000000000000, 0.904573966076393

1.00000000000000, 0.904573966076393, 1.00000000000000
0.904573966076393, 1.00000000000000, 0.904573966076393
1.00000000000000, 0.904573966076393, 1.00000000000000

0.904573966076393, 1.00000000000000, 0.904573966076393
1.00000000000000, 0.904573966076393, 1.00000000000000
0.904573966076393, 1.00000000000000, 0.904573966076393

1.00000000000000, 0.904573966076393, 1.00000000000000
0.904573966076393, 1.00000000000000, 0.904573966076393
1.00000000000000, 0.904573966076393, 1.00000000000000

0.904573966076393, 1.00000000000000, 0.904573966076393
1.00000000000000, 0.904573966076393, 1.00000000000000
0.904573966076393, 1.00000000000000, 0.904573966076393

1.00000000000000, 0.904573966076393, 1.00000000000000
0.904573966076393, 1.00000000000000, 0.904573966076393
1.00000000000000, 0.904573966076393, 1.00000000000000

0.904573966076393, 1.00000000000000, 0.904573966076393
1.00000000000000, 0.904573966076393, 1.00000000000000
0.904573966076393, 1.00000000000000, 0.904573966076393

1.00000000000000, 0.904573966076393, 1.00000000000000
0.904573966076393, 1.00000000000000, 0.904573966076393
1.00000000000000, 0.904573966076393, 1.00000000000000

0.904573966076393, 1.00000000000000, 0.904573966076393
1.00000000000000, 0.904573966076393, 1.00000000000000
0.904573966076393, 1.00000000000000, 0.904573966076393

1.00000000000000, 0.904573966076393, 1.00000000000000
0.904573966076393, 1.00000000000000, 0.904573966076393
1.00000000000000, 0.904573966076393, 1.00000000000000

0.904573966076393, 1.00000000000000, 0.904573966076393
1.00000000000000, 0.904573966076393, 1.00000000000000
0.904573966076393, 1.00000000000000, 0.904573966076393

1.00000000000000, 0.904573966076393, 1.00000000000000
0.904573966076393, 1.00000000000000, 0.904573966076393
1.00000000000000, 0.904573966076393, 1.00000000000000

0.904573966076393, 1.00000000000000, 0.904573966076393
1.00000000000000, 0.904573966076393, 1.00000000000000
0.904573966076393, 1.00000000000000, 0.904573966076393

1.00000000000000, 0.904573966076393, 1.00000000000000
0.904573966076393, 1.00000000000000, 0.904573966076393
1.00000000000000, 0.904573966076393, 1.00000000000000

0.904573966076393, 1.00000000000000, 0.904573966076393
1.00000000000000, 0.904573966076393, 1.00000000000000
0.904573966076393, 1.00000000000000, 0.904573966076393

1.00000000000000, 0.904573966076393, 1.00000000000000
0.904573966076393, 1.00000000000000, 0.904573966076393
1.00000000000000, 0.904573966076393, 1.00000000000000

0.904573966076393, 1.00000000000000, 0.904573966076393
1.00000000000000, 0.904573966076393, 1.00000000000000
0.904573966076393, 1.00000000000000, 0.904573966076393

1.00000000000000, 0.904573966076393, 1.00000000000000
0.904573966076393, 1.00000000000000, 0.904573966076393
1.00000000000000, 0.904573966076393, 1.00000000000000

0.904573966076393, 1.00000000000000, 0.904573966076393
1.00000000000000, 0.904573966076393, 1.00000000000000
0.904573966076393, 1.00000000000000, 0.904573966076393

1.00000000000000, 0.904573966076393, 1.00000000000000
0.904573966076393, 1.00000000000000, 0.904573966076393
1.00000000000000, 0.904573966076393, 1.00000000000000

0.904573966076393, 1.00000000000000, 0.904573966076393
1.00000000000000, 0.904573966076393, 1.00000000000000
0.904573966076393, 1.00000000000000, 0.904573966076393

1.00000000000000, 0.904573966076393, 1.00000000000000
0.904573966076393, 1.00000000000000, 0.904573966076393
1.00000000000000, 0.904573966076393, 1.00000000000000

0.904573966076393, 1.00000000000000, 0.904573966076393
1.00000000000000, 0.904573966076393, 1.00000000000000
0.904573966076393, 1.00000000000000, 0.904573966076393

1.00000000000000, 0.904573966076393, 1.00000000000000
0.904573966076393, 1.00000000000000, 0.904573966076393
1.00000000000000, 0.904573966076393, 1.00000000000000

0.904573966076393, 1.00000000000000, 0.904573966076393
1.00000000000000, 0.904573966076393, 1.00000000000000
0.904573966076393, 1.00000000000000, 0.904573966076393

1.00000000000000, 0.904573966076393, 1.00000000000000
0.904573966076393, 1.00000000000000, 0.904573966076393
1.00000000000000, 0.904573966076393, 1.00000000000000

0.904573966076393, 1.00000000000000, 0.904573966076393
1.00000000000000, 0.904573966076393, 1.00000000000000
0.904573966076393, 1.00000000000000, 0.904573966076393

1.00000000000000, 0.904573966076393, 1.00000000000000
0.904573966076393, 1.00000000000000, 0.904573966076393
1.00000000000000, 0.904573966076393, 1.00000000000000

0.904573966076393, 1.00000000000000, 0.904573966076393
1.00000000000000, 0.904573966076393, 1.00000000000000
0.904573966076393, 1.00000000000000, 0.904573966076393

1.00000000000000, 0.904573966076393, 1.00000000000000
0.904573966076393, 1.00000000000000, 0.904573966076393
1.00000000000000, 0.904573966076393, 1.00000000000000

0.904573966076393, 1.00000000000000, 0.904573966076393
1.00000000000000, 0.904573966076393, 1.00000000000000
0.904573966076393, 1.00000000000000, 0.904573966076393

1.00000000000000, 0.904573966076393, 1.00000000000000
0.904573966076393, 1.00000000000000, 0.904573966076393
1.00000000000000, 0.904573966076393, 1.00000000000000

0.904573966076393, 1.00000000000000, 0.904573966076393
1.00000000000000, 0.904573966076393, 1.00000000000000
0.904573966076393, 1.00000000000000, 0.904573966076393

1.00000000000000, 0.904573966076393, 1.00000000000000
0.904573966076393, 1.00000000000000, 0.904573966076393
1.00000000000000, 0.904573966076393, 1.00000000000000

0.904573966076393, 1.00000000000000, 0.904573966076393
1.00000000000000, 0.904573966076393, 1.00000000000000
0.904573966076393, 1.00000000000000, 0.904573966076393

1.00000000000000, 0.904573966076393, 1.00000000000000
0.904573966076393, 1.00000000000000, 0.904573966076393
1.00000000000000, 0.904573966076393, 1.00000000000000

0.904573966076393, 1.00000000000000, 0.904573966076393
1.00000000000000, 0.904573966076393, 1.00000000000000
0.904573966076393, 1.00000000000000, 0.904573966076393

1.00000000000000, 0.904573966076393, 1.00000000000000
0.904573966076393, 1.00000000000000, 0.904573966076393
1.00000000000000, 0.904573966076393, 1.00000000000000

0.904573966076393, 1.00000000000000, 0.904573966076393
1.00000000000000, 0.904573966076393, 1.00000000000000
0.904573966076393, 1.00000000000000, 0.904573966076393

1.00000000000000, 0.904573966076393, 1.00000000000000
0.904573966076393, 1.00000000000000, 0.904573966076393
1.00000000000000, 0.904573966076393, 1.00000000000000

0.904573966076393, 1.00000000000000, 0.904573966076393
1.00000000000000, 0.904573966076393, 1.00000000000000
0.904573966076393, 1.00000000000000, 0.904573966076393

1.00000000000000, 0.904573966076393, 1.00000000000000
0.904573966076393, 1.00000000000000, 0.904573966076393
1.00000000000000, 0.904573966076393, 1.00000000000000

0.904573966076393, 1.00000000000000, 0.904573966076393
1.00000000000000, 0.904573966076393, 1.00000000000000
0.904573966076393, 1.00000000000000, 0.904573966076393

1.00000000000000, 0.904573966076393, 1.00000000000000
0.904573966076393, 1.00000000000000, 0.904573966076393
1.00000000000000, 0.904573966076393, 1.00000000000000

0.904573966076393, 1.00000000000000, 0.904573966076393
1.00000000000000, 0.904573966076393, 1.00000000000000
0.904573966076393, 1.00000000000000, 0.904573966076393

1.00000000000000, 0.904573966076393, 1.00000000000000
0.904573966076393, 1.00000000000000, 0.904573966076393
1.00000000000000, 0.904573966076393, 1.00000000000000

0.904573966076393, 1.00000000000000, 0.904573966076393
1.00000000000000, 0.904573966076393, 1.00000000000000
0.904573966076393, 1.00000000000000, 0.904573966076393

1.00000000000000, 0.904573966076393, 1.00000000000000
0.904573966076393, 1.00000000000000, 0.904573966076393
1.00000000000000, 0.904573966076393, 1.00000000000000

0.904573966076393, 1.00000000000000, 0.904573966076393
1.00000000000000, 0.904573966076393, 1.00000000000000
0.904573966076393, 1.00000000000000, 0.904573966076393

1.00000000000000, 0.904573966076393, 1.00000000000000
0.904573966076393, 1.00000000000000, 0.904573966076393
1.00000000000000, 0.904573966076393, 1.00000000000000

0.904573966076393, 1.00000000000000, 0.904573966076393
1.00000000000000, 0.904573966076393, 1.00000000000000
0.904573966076393, 1.00000000000000, 0.904573966076393

1.00000000000000, 0.904573966076393, 1.00000000000000
0.904573966076393, 1.00000000000000, 0.904573966076393
1.00000000000000, 0.904573966076393, 1.00000000000000

0.904573966076393, 1.00000000000000, 0.904573966076393
1.00000000000000, 0.904573966076393, 1.00000000000000
0.904573966076393, 1.00000000000000, 0.904573966076393

1.00000000000000, 0.904573966076393, 1.00000000000000
0.904573966076393, 1.00000000000000, 0.904573966076393
1.00000000000000, 0.904573966076393, 1.00000000000000

0.904573966076393, 1.00000000000000, 0.904573966076393
1.00000000000000, 0.904573966076393, 1.00000000000000
0.904573966076393, 1.00000000000000, 0.904573966076393

1.00000000000000, 0.904573966076393, 1.00000000000000
0.904573966076393, 1.00000000000000, 0.904573966076393
1.00000000000000, 0.904573966076393, 1.00000000000000

0.904573966076393, 1.00000000000000, 0.904573966076393
1.00000000000000, 0.904573966076393, 1.00000000000000
0.904573966076393, 1.00000000000000, 0.904573966076393

1.00000000000000, 0.904573966076393, 1.00000000000000
0.904573966076393, 1.00000000000000, 0.904573966076393
1.00000000000000, 0.904573966076393, 1.00000000000000

0.904573966076393, 1.00000000000000, 0.904573966076393
1.00000000000000, 0.904573966076393, 1.00000000000000
0.904573966076393, 1.00000000000000, 0.904573966076393

1.00000000000000, 0.904573966076393, 1.00000000000000
0.904573966076393, 1.00000000000000, 0.904573966076393
1.00000000000000, 0.904573966076393, 1.00000000000000

0.904573966076393, 1.00000000000000, 0.904573966076393
1.00000000000000, 0.904573966076393, 1.00000000000000
0.904573966076393, 1.00000000000000, 0.904573966076393

1.00000000000000, 0.904573966076393, 1.00000000000000
0.904573966076393, 1.00000000000000, 0.904573966076393
1.00000000000000, 0.904573966076393, 1.00000000000000

0.904573966076393, 1.00000000000000, 0.904573966076393
1.00000000000000, 0.904573966076393, 1.00000000000000
0.904573966076393, 1.00000000000000, 0.904573966076393
 