Attribute names:	P0	P1	P2	P3	P4	P5
Minor allele frequencies:	0.200	0.200	0.200	0.200	0.200	0.200
x: 0.980155678414842
y: 0.0202460915364498
Prevalence: 0.990056240823073
Heritability: 0.0100000000000000

Table:

0.980155678414842, 1.00000000000000, 0.980155678414842
1.00000000000000, 0.980155678414842, 1.00000000000000
0.980155678414842, 1.00000000000000, 0.980155678414842

1.00000000000000, 0.980155678414842, 1.00000000000000
0.980155678414842, 1.00000000000000, 0.980155678414842
1.00000000000000, 0.980155678414842, 1.00000000000000

0.980155678414842, 1.00000000000000, 0.980155678414842
1.00000000000000, 0.980155678414842, 1.00000000000000
0.980155678414842, 1.00000000000000, 0.980155678414842

1.00000000000000, 0.980155678414842, 1.00000000000000
0.980155678414842, 1.00000000000000, 0.980155678414842
1.00000000000000, 0.980155678414842, 1.00000000000000

0.980155678414842, 1.00000000000000, 0.980155678414842
1.00000000000000, 0.980155678414842, 1.00000000000000
0.980155678414842, 1.00000000000000, 0.980155678414842

1.00000000000000, 0.980155678414842, 1.00000000000000
0.980155678414842, 1.00000000000000, 0.980155678414842
1.00000000000000, 0.980155678414842, 1.00000000000000

0.980155678414842, 1.00000000000000, 0.980155678414842
1.00000000000000, 0.980155678414842, 1.00000000000000
0.980155678414842, 1.00000000000000, 0.980155678414842

1.00000000000000, 0.980155678414842, 1.00000000000000
0.980155678414842, 1.00000000000000, 0.980155678414842
1.00000000000000, 0.980155678414842, 1.00000000000000

0.980155678414842, 1.00000000000000, 0.980155678414842
1.00000000000000, 0.980155678414842, 1.00000000000000
0.980155678414842, 1.00000000000000, 0.980155678414842

1.00000000000000, 0.980155678414842, 1.00000000000000
0.980155678414842, 1.00000000000000, 0.980155678414842
1.00000000000000, 0.980155678414842, 1.00000000000000

0.980155678414842, 1.00000000000000, 0.980155678414842
1.00000000000000, 0.980155678414842, 1.00000000000000
0.980155678414842, 1.00000000000000, 0.980155678414842

1.00000000000000, 0.980155678414842, 1.00000000000000
0.980155678414842, 1.00000000000000, 0.980155678414842
1.00000000000000, 0.980155678414842, 1.00000000000000

0.980155678414842, 1.00000000000000, 0.980155678414842
1.00000000000000, 0.980155678414842, 1.00000000000000
0.980155678414842, 1.00000000000000, 0.980155678414842

1.00000000000000, 0.980155678414842, 1.00000000000000
0.980155678414842, 1.00000000000000, 0.980155678414842
1.00000000000000, 0.980155678414842, 1.00000000000000

0.980155678414842, 1.00000000000000, 0.980155678414842
1.00000000000000, 0.980155678414842, 1.00000000000000
0.980155678414842, 1.00000000000000, 0.980155678414842

1.00000000000000, 0.980155678414842, 1.00000000000000
0.980155678414842, 1.00000000000000, 0.980155678414842
1.00000000000000, 0.980155678414842, 1.00000000000000

0.980155678414842, 1.00000000000000, 0.980155678414842
1.00000000000000, 0.980155678414842, 1.00000000000000
0.980155678414842, 1.00000000000000, 0.980155678414842

1.00000000000000, 0.980155678414842, 1.00000000000000
0.980155678414842, 1.00000000000000, 0.980155678414842
1.00000000000000, 0.980155678414842, 1.00000000000000

0.980155678414842, 1.00000000000000, 0.980155678414842
1.00000000000000, 0.980155678414842, 1.00000000000000
0.980155678414842, 1.00000000000000, 0.980155678414842

1.00000000000000, 0.980155678414842, 1.00000000000000
0.980155678414842, 1.00000000000000, 0.980155678414842
1.00000000000000, 0.980155678414842, 1.00000000000000

0.980155678414842, 1.00000000000000, 0.980155678414842
1.00000000000000, 0.980155678414842, 1.00000000000000
0.980155678414842, 1.00000000000000, 0.980155678414842

1.00000000000000, 0.980155678414842, 1.00000000000000
0.980155678414842, 1.00000000000000, 0.980155678414842
1.00000000000000, 0.980155678414842, 1.00000000000000

0.980155678414842, 1.00000000000000, 0.980155678414842
1.00000000000000, 0.980155678414842, 1.00000000000000
0.980155678414842, 1.00000000000000, 0.980155678414842

1.00000000000000, 0.980155678414842, 1.00000000000000
0.980155678414842, 1.00000000000000, 0.980155678414842
1.00000000000000, 0.980155678414842, 1.00000000000000

0.980155678414842, 1.00000000000000, 0.980155678414842
1.00000000000000, 0.980155678414842, 1.00000000000000
0.980155678414842, 1.00000000000000, 0.980155678414842

1.00000000000000, 0.980155678414842, 1.00000000000000
0.980155678414842, 1.00000000000000, 0.980155678414842
1.00000000000000, 0.980155678414842, 1.00000000000000

0.980155678414842, 1.00000000000000, 0.980155678414842
1.00000000000000, 0.980155678414842, 1.00000000000000
0.980155678414842, 1.00000000000000, 0.980155678414842

1.00000000000000, 0.980155678414842, 1.00000000000000
0.980155678414842, 1.00000000000000, 0.980155678414842
1.00000000000000, 0.980155678414842, 1.00000000000000

0.980155678414842, 1.00000000000000, 0.980155678414842
1.00000000000000, 0.980155678414842, 1.00000000000000
0.980155678414842, 1.00000000000000, 0.980155678414842

1.00000000000000, 0.980155678414842, 1.00000000000000
0.980155678414842, 1.00000000000000, 0.980155678414842
1.00000000000000, 0.980155678414842, 1.00000000000000

0.980155678414842, 1.00000000000000, 0.980155678414842
1.00000000000000, 0.980155678414842, 1.00000000000000
0.980155678414842, 1.00000000000000, 0.980155678414842

1.00000000000000, 0.980155678414842, 1.00000000000000
0.980155678414842, 1.00000000000000, 0.980155678414842
1.00000000000000, 0.980155678414842, 1.00000000000000

0.980155678414842, 1.00000000000000, 0.980155678414842
1.00000000000000, 0.980155678414842, 1.00000000000000
0.980155678414842, 1.00000000000000, 0.980155678414842

1.00000000000000, 0.980155678414842, 1.00000000000000
0.980155678414842, 1.00000000000000, 0.980155678414842
1.00000000000000, 0.980155678414842, 1.00000000000000

0.980155678414842, 1.00000000000000, 0.980155678414842
1.00000000000000, 0.980155678414842, 1.00000000000000
0.980155678414842, 1.00000000000000, 0.980155678414842

1.00000000000000, 0.980155678414842, 1.00000000000000
0.980155678414842, 1.00000000000000, 0.980155678414842
1.00000000000000, 0.980155678414842, 1.00000000000000

0.980155678414842, 1.00000000000000, 0.980155678414842
1.00000000000000, 0.980155678414842, 1.00000000000000
0.980155678414842, 1.00000000000000, 0.980155678414842

1.00000000000000, 0.980155678414842, 1.00000000000000
0.980155678414842, 1.00000000000000, 0.980155678414842
1.00000000000000, 0.980155678414842, 1.00000000000000

0.980155678414842, 1.00000000000000, 0.980155678414842
1.00000000000000, 0.980155678414842, 1.00000000000000
0.980155678414842, 1.00000000000000, 0.980155678414842

1.00000000000000, 0.980155678414842, 1.00000000000000
0.980155678414842, 1.00000000000000, 0.980155678414842
1.00000000000000, 0.980155678414842, 1.00000000000000

0.980155678414842, 1.00000000000000, 0.980155678414842
1.00000000000000, 0.980155678414842, 1.00000000000000
0.980155678414842, 1.00000000000000, 0.980155678414842

1.00000000000000, 0.980155678414842, 1.00000000000000
0.980155678414842, 1.00000000000000, 0.980155678414842
1.00000000000000, 0.980155678414842, 1.00000000000000

0.980155678414842, 1.00000000000000, 0.980155678414842
1.00000000000000, 0.980155678414842, 1.00000000000000
0.980155678414842, 1.00000000000000, 0.980155678414842

1.00000000000000, 0.980155678414842, 1.00000000000000
0.980155678414842, 1.00000000000000, 0.980155678414842
1.00000000000000, 0.980155678414842, 1.00000000000000

0.980155678414842, 1.00000000000000, 0.980155678414842
1.00000000000000, 0.980155678414842, 1.00000000000000
0.980155678414842, 1.00000000000000, 0.980155678414842

1.00000000000000, 0.980155678414842, 1.00000000000000
0.980155678414842, 1.00000000000000, 0.980155678414842
1.00000000000000, 0.980155678414842, 1.00000000000000

0.980155678414842, 1.00000000000000, 0.980155678414842
1.00000000000000, 0.980155678414842, 1.00000000000000
0.980155678414842, 1.00000000000000, 0.980155678414842

1.00000000000000, 0.980155678414842, 1.00000000000000
0.980155678414842, 1.00000000000000, 0.980155678414842
1.00000000000000, 0.980155678414842, 1.00000000000000

0.980155678414842, 1.00000000000000, 0.980155678414842
1.00000000000000, 0.980155678414842, 1.00000000000000
0.980155678414842, 1.00000000000000, 0.980155678414842

1.00000000000000, 0.980155678414842, 1.00000000000000
0.980155678414842, 1.00000000000000, 0.980155678414842
1.00000000000000, 0.980155678414842, 1.00000000000000

0.980155678414842, 1.00000000000000, 0.980155678414842
1.00000000000000, 0.980155678414842, 1.00000000000000
0.980155678414842, 1.00000000000000, 0.980155678414842

1.00000000000000, 0.980155678414842, 1.00000000000000
0.980155678414842, 1.00000000000000, 0.980155678414842
1.00000000000000, 0.980155678414842, 1.00000000000000

0.980155678414842, 1.00000000000000, 0.980155678414842
1.00000000000000, 0.980155678414842, 1.00000000000000
0.980155678414842, 1.00000000000000, 0.980155678414842

1.00000000000000, 0.980155678414842, 1.00000000000000
0.980155678414842, 1.00000000000000, 0.980155678414842
1.00000000000000, 0.980155678414842, 1.00000000000000

0.980155678414842, 1.00000000000000, 0.980155678414842
1.00000000000000, 0.980155678414842, 1.00000000000000
0.980155678414842, 1.00000000000000, 0.980155678414842

1.00000000000000, 0.980155678414842, 1.00000000000000
0.980155678414842, 1.00000000000000, 0.980155678414842
1.00000000000000, 0.980155678414842, 1.00000000000000

0.980155678414842, 1.00000000000000, 0.980155678414842
1.00000000000000, 0.980155678414842, 1.00000000000000
0.980155678414842, 1.00000000000000, 0.980155678414842

1.00000000000000, 0.980155678414842, 1.00000000000000
0.980155678414842, 1.00000000000000, 0.980155678414842
1.00000000000000, 0.980155678414842, 1.00000000000000

0.980155678414842, 1.00000000000000, 0.980155678414842
1.00000000000000, 0.980155678414842, 1.00000000000000
0.980155678414842, 1.00000000000000, 0.980155678414842

1.00000000000000, 0.980155678414842, 1.00000000000000
0.980155678414842, 1.00000000000000, 0.980155678414842
1.00000000000000, 0.980155678414842, 1.00000000000000

0.980155678414842, 1.00000000000000, 0.980155678414842
1.00000000000000, 0.980155678414842, 1.00000000000000
0.980155678414842, 1.00000000000000, 0.980155678414842

1.00000000000000, 0.980155678414842, 1.00000000000000
0.980155678414842, 1.00000000000000, 0.980155678414842
1.00000000000000, 0.980155678414842, 1.00000000000000

0.980155678414842, 1.00000000000000, 0.980155678414842
1.00000000000000, 0.980155678414842, 1.00000000000000
0.980155678414842, 1.00000000000000, 0.980155678414842

1.00000000000000, 0.980155678414842, 1.00000000000000
0.980155678414842, 1.00000000000000, 0.980155678414842
1.00000000000000, 0.980155678414842, 1.00000000000000

0.980155678414842, 1.00000000000000, 0.980155678414842
1.00000000000000, 0.980155678414842, 1.00000000000000
0.980155678414842, 1.00000000000000, 0.980155678414842

1.00000000000000, 0.980155678414842, 1.00000000000000
0.980155678414842, 1.00000000000000, 0.980155678414842
1.00000000000000, 0.980155678414842, 1.00000000000000

0.980155678414842, 1.00000000000000, 0.980155678414842
1.00000000000000, 0.980155678414842, 1.00000000000000
0.980155678414842, 1.00000000000000, 0.980155678414842

1.00000000000000, 0.980155678414842, 1.00000000000000
0.980155678414842, 1.00000000000000, 0.980155678414842
1.00000000000000, 0.980155678414842, 1.00000000000000

0.980155678414842, 1.00000000000000, 0.980155678414842
1.00000000000000, 0.980155678414842, 1.00000000000000
0.980155678414842, 1.00000000000000, 0.980155678414842

1.00000000000000, 0.980155678414842, 1.00000000000000
0.980155678414842, 1.00000000000000, 0.980155678414842
1.00000000000000, 0.980155678414842, 1.00000000000000

0.980155678414842, 1.00000000000000, 0.980155678414842
1.00000000000000, 0.980155678414842, 1.00000000000000
0.980155678414842, 1.00000000000000, 0.980155678414842

1.00000000000000, 0.980155678414842, 1.00000000000000
0.980155678414842, 1.00000000000000, 0.980155678414842
1.00000000000000, 0.980155678414842, 1.00000000000000

0.980155678414842, 1.00000000000000, 0.980155678414842
1.00000000000000, 0.980155678414842, 1.00000000000000
0.980155678414842, 1.00000000000000, 0.980155678414842

1.00000000000000, 0.980155678414842, 1.00000000000000
0.980155678414842, 1.00000000000000, 0.980155678414842
1.00000000000000, 0.980155678414842, 1.00000000000000

0.980155678414842, 1.00000000000000, 0.980155678414842
1.00000000000000, 0.980155678414842, 1.00000000000000
0.980155678414842, 1.00000000000000, 0.980155678414842

1.00000000000000, 0.980155678414842, 1.00000000000000
0.980155678414842, 1.00000000000000, 0.980155678414842
1.00000000000000, 0.980155678414842, 1.00000000000000

0.980155678414842, 1.00000000000000, 0.980155678414842
1.00000000000000, 0.980155678414842, 1.00000000000000
0.980155678414842, 1.00000000000000, 0.980155678414842

1.00000000000000, 0.980155678414842, 1.00000000000000
0.980155678414842, 1.00000000000000, 0.980155678414842
1.00000000000000, 0.980155678414842, 1.00000000000000

0.980155678414842, 1.00000000000000, 0.980155678414842
1.00000000000000, 0.980155678414842, 1.00000000000000
0.980155678414842, 1.00000000000000, 0.980155678414842

1.00000000000000, 0.980155678414842, 1.00000000000000
0.980155678414842, 1.00000000000000, 0.980155678414842
1.00000000000000, 0.980155678414842, 1.00000000000000

0.980155678414842, 1.00000000000000, 0.980155678414842
1.00000000000000, 0.980155678414842, 1.00000000000000
0.980155678414842, 1.00000000000000, 0.980155678414842
 