Attribute names:	P0	P1	P2	P3
Minor allele frequencies:	0.100	0.100	0.100	0.100
x: 0.887718220088385
y: 0.126483581581141
Prevalence: 0.934440231671984
Heritability: 0.0500000000000000

Table:

0.887718220088385, 1.00000000000000, 0.887718220088385
1.00000000000000, 0.887718220088385, 1.00000000000000
0.887718220088385, 1.00000000000000, 0.887718220088385

1.00000000000000, 0.887718220088385, 1.00000000000000
0.887718220088385, 1.00000000000000, 0.887718220088385
1.00000000000000, 0.887718220088385, 1.00000000000000

0.887718220088385, 1.00000000000000, 0.887718220088385
1.00000000000000, 0.887718220088385, 1.00000000000000
0.887718220088385, 1.00000000000000, 0.887718220088385

1.00000000000000, 0.887718220088385, 1.00000000000000
0.887718220088385, 1.00000000000000, 0.887718220088385
1.00000000000000, 0.887718220088385, 1.00000000000000

0.887718220088385, 1.00000000000000, 0.887718220088385
1.00000000000000, 0.887718220088385, 1.00000000000000
0.887718220088385, 1.00000000000000, 0.887718220088385

1.00000000000000, 0.887718220088385, 1.00000000000000
0.887718220088385, 1.00000000000000, 0.887718220088385
1.00000000000000, 0.887718220088385, 1.00000000000000

0.887718220088385, 1.00000000000000, 0.887718220088385
1.00000000000000, 0.887718220088385, 1.00000000000000
0.887718220088385, 1.00000000000000, 0.887718220088385

1.00000000000000, 0.887718220088385, 1.00000000000000
0.887718220088385, 1.00000000000000, 0.887718220088385
1.00000000000000, 0.887718220088385, 1.00000000000000

0.887718220088385, 1.00000000000000, 0.887718220088385
1.00000000000000, 0.887718220088385, 1.00000000000000
0.887718220088385, 1.00000000000000, 0.887718220088385
 