Attribute names:	P0	P1	P2	P3	P4	P5
Minor allele frequencies:	0.100	0.100	0.100	0.100	0.100	0.100
x: 0.898447928622685
y: 0.113030558747009
Prevalence: 0.945734661708090
Heritability: 0.0500000000000000

Table:

0.898447928622685, 1.00000000000000, 0.898447928622685
1.00000000000000, 0.898447928622685, 1.00000000000000
0.898447928622685, 1.00000000000000, 0.898447928622685

1.00000000000000, 0.898447928622685, 1.00000000000000
0.898447928622685, 1.00000000000000, 0.898447928622685
1.00000000000000, 0.898447928622685, 1.00000000000000

0.898447928622685, 1.00000000000000, 0.898447928622685
1.00000000000000, 0.898447928622685, 1.00000000000000
0.898447928622685, 1.00000000000000, 0.898447928622685

1.00000000000000, 0.898447928622685, 1.00000000000000
0.898447928622685, 1.00000000000000, 0.898447928622685
1.00000000000000, 0.898447928622685, 1.00000000000000

0.898447928622685, 1.00000000000000, 0.898447928622685
1.00000000000000, 0.898447928622685, 1.00000000000000
0.898447928622685, 1.00000000000000, 0.898447928622685

1.00000000000000, 0.898447928622685, 1.00000000000000
0.898447928622685, 1.00000000000000, 0.898447928622685
1.00000000000000, 0.898447928622685, 1.00000000000000

0.898447928622685, 1.00000000000000, 0.898447928622685
1.00000000000000, 0.898447928622685, 1.00000000000000
0.898447928622685, 1.00000000000000, 0.898447928622685

1.00000000000000, 0.898447928622685, 1.00000000000000
0.898447928622685, 1.00000000000000, 0.898447928622685
1.00000000000000, 0.898447928622685, 1.00000000000000

0.898447928622685, 1.00000000000000, 0.898447928622685
1.00000000000000, 0.898447928622685, 1.00000000000000
0.898447928622685, 1.00000000000000, 0.898447928622685

1.00000000000000, 0.898447928622685, 1.00000000000000
0.898447928622685, 1.00000000000000, 0.898447928622685
1.00000000000000, 0.898447928622685, 1.00000000000000

0.898447928622685, 1.00000000000000, 0.898447928622685
1.00000000000000, 0.898447928622685, 1.00000000000000
0.898447928622685, 1.00000000000000, 0.898447928622685

1.00000000000000, 0.898447928622685, 1.00000000000000
0.898447928622685, 1.00000000000000, 0.898447928622685
1.00000000000000, 0.898447928622685, 1.00000000000000

0.898447928622685, 1.00000000000000, 0.898447928622685
1.00000000000000, 0.898447928622685, 1.00000000000000
0.898447928622685, 1.00000000000000, 0.898447928622685

1.00000000000000, 0.898447928622685, 1.00000000000000
0.898447928622685, 1.00000000000000, 0.898447928622685
1.00000000000000, 0.898447928622685, 1.00000000000000

0.898447928622685, 1.00000000000000, 0.898447928622685
1.00000000000000, 0.898447928622685, 1.00000000000000
0.898447928622685, 1.00000000000000, 0.898447928622685

1.00000000000000, 0.898447928622685, 1.00000000000000
0.898447928622685, 1.00000000000000, 0.898447928622685
1.00000000000000, 0.898447928622685, 1.00000000000000

0.898447928622685, 1.00000000000000, 0.898447928622685
1.00000000000000, 0.898447928622685, 1.00000000000000
0.898447928622685, 1.00000000000000, 0.898447928622685

1.00000000000000, 0.898447928622685, 1.00000000000000
0.898447928622685, 1.00000000000000, 0.898447928622685
1.00000000000000, 0.898447928622685, 1.00000000000000

0.898447928622685, 1.00000000000000, 0.898447928622685
1.00000000000000, 0.898447928622685, 1.00000000000000
0.898447928622685, 1.00000000000000, 0.898447928622685

1.00000000000000, 0.898447928622685, 1.00000000000000
0.898447928622685, 1.00000000000000, 0.898447928622685
1.00000000000000, 0.898447928622685, 1.00000000000000

0.898447928622685, 1.00000000000000, 0.898447928622685
1.00000000000000, 0.898447928622685, 1.00000000000000
0.898447928622685, 1.00000000000000, 0.898447928622685

1.00000000000000, 0.898447928622685, 1.00000000000000
0.898447928622685, 1.00000000000000, 0.898447928622685
1.00000000000000, 0.898447928622685, 1.00000000000000

0.898447928622685, 1.00000000000000, 0.898447928622685
1.00000000000000, 0.898447928622685, 1.00000000000000
0.898447928622685, 1.00000000000000, 0.898447928622685

1.00000000000000, 0.898447928622685, 1.00000000000000
0.898447928622685, 1.00000000000000, 0.898447928622685
1.00000000000000, 0.898447928622685, 1.00000000000000

0.898447928622685, 1.00000000000000, 0.898447928622685
1.00000000000000, 0.898447928622685, 1.00000000000000
0.898447928622685, 1.00000000000000, 0.898447928622685

1.00000000000000, 0.898447928622685, 1.00000000000000
0.898447928622685, 1.00000000000000, 0.898447928622685
1.00000000000000, 0.898447928622685, 1.00000000000000

0.898447928622685, 1.00000000000000, 0.898447928622685
1.00000000000000, 0.898447928622685, 1.00000000000000
0.898447928622685, 1.00000000000000, 0.898447928622685

1.00000000000000, 0.898447928622685, 1.00000000000000
0.898447928622685, 1.00000000000000, 0.898447928622685
1.00000000000000, 0.898447928622685, 1.00000000000000

0.898447928622685, 1.00000000000000, 0.898447928622685
1.00000000000000, 0.898447928622685, 1.00000000000000
0.898447928622685, 1.00000000000000, 0.898447928622685

1.00000000000000, 0.898447928622685, 1.00000000000000
0.898447928622685, 1.00000000000000, 0.898447928622685
1.00000000000000, 0.898447928622685, 1.00000000000000

0.898447928622685, 1.00000000000000, 0.898447928622685
1.00000000000000, 0.898447928622685, 1.00000000000000
0.898447928622685, 1.00000000000000, 0.898447928622685

1.00000000000000, 0.898447928622685, 1.00000000000000
0.898447928622685, 1.00000000000000, 0.898447928622685
1.00000000000000, 0.898447928622685, 1.00000000000000

0.898447928622685, 1.00000000000000, 0.898447928622685
1.00000000000000, 0.898447928622685, 1.00000000000000
0.898447928622685, 1.00000000000000, 0.898447928622685

1.00000000000000, 0.898447928622685, 1.00000000000000
0.898447928622685, 1.00000000000000, 0.898447928622685
1.00000000000000, 0.898447928622685, 1.00000000000000

0.898447928622685, 1.00000000000000, 0.898447928622685
1.00000000000000, 0.898447928622685, 1.00000000000000
0.898447928622685, 1.00000000000000, 0.898447928622685

1.00000000000000, 0.898447928622685, 1.00000000000000
0.898447928622685, 1.00000000000000, 0.898447928622685
1.00000000000000, 0.898447928622685, 1.00000000000000

0.898447928622685, 1.00000000000000, 0.898447928622685
1.00000000000000, 0.898447928622685, 1.00000000000000
0.898447928622685, 1.00000000000000, 0.898447928622685

1.00000000000000, 0.898447928622685, 1.00000000000000
0.898447928622685, 1.00000000000000, 0.898447928622685
1.00000000000000, 0.898447928622685, 1.00000000000000

0.898447928622685, 1.00000000000000, 0.898447928622685
1.00000000000000, 0.898447928622685, 1.00000000000000
0.898447928622685, 1.00000000000000, 0.898447928622685

1.00000000000000, 0.898447928622685, 1.00000000000000
0.898447928622685, 1.00000000000000, 0.898447928622685
1.00000000000000, 0.898447928622685, 1.00000000000000

0.898447928622685, 1.00000000000000, 0.898447928622685
1.00000000000000, 0.898447928622685, 1.00000000000000
0.898447928622685, 1.00000000000000, 0.898447928622685

1.00000000000000, 0.898447928622685, 1.00000000000000
0.898447928622685, 1.00000000000000, 0.898447928622685
1.00000000000000, 0.898447928622685, 1.00000000000000

0.898447928622685, 1.00000000000000, 0.898447928622685
1.00000000000000, 0.898447928622685, 1.00000000000000
0.898447928622685, 1.00000000000000, 0.898447928622685

1.00000000000000, 0.898447928622685, 1.00000000000000
0.898447928622685, 1.00000000000000, 0.898447928622685
1.00000000000000, 0.898447928622685, 1.00000000000000

0.898447928622685, 1.00000000000000, 0.898447928622685
1.00000000000000, 0.898447928622685, 1.00000000000000
0.898447928622685, 1.00000000000000, 0.898447928622685

1.00000000000000, 0.898447928622685, 1.00000000000000
0.898447928622685, 1.00000000000000, 0.898447928622685
1.00000000000000, 0.898447928622685, 1.00000000000000

0.898447928622685, 1.00000000000000, 0.898447928622685
1.00000000000000, 0.898447928622685, 1.00000000000000
0.898447928622685, 1.00000000000000, 0.898447928622685

1.00000000000000, 0.898447928622685, 1.00000000000000
0.898447928622685, 1.00000000000000, 0.898447928622685
1.00000000000000, 0.898447928622685, 1.00000000000000

0.898447928622685, 1.00000000000000, 0.898447928622685
1.00000000000000, 0.898447928622685, 1.00000000000000
0.898447928622685, 1.00000000000000, 0.898447928622685

1.00000000000000, 0.898447928622685, 1.00000000000000
0.898447928622685, 1.00000000000000, 0.898447928622685
1.00000000000000, 0.898447928622685, 1.00000000000000

0.898447928622685, 1.00000000000000, 0.898447928622685
1.00000000000000, 0.898447928622685, 1.00000000000000
0.898447928622685, 1.00000000000000, 0.898447928622685

1.00000000000000, 0.898447928622685, 1.00000000000000
0.898447928622685, 1.00000000000000, 0.898447928622685
1.00000000000000, 0.898447928622685, 1.00000000000000

0.898447928622685, 1.00000000000000, 0.898447928622685
1.00000000000000, 0.898447928622685, 1.00000000000000
0.898447928622685, 1.00000000000000, 0.898447928622685

1.00000000000000, 0.898447928622685, 1.00000000000000
0.898447928622685, 1.00000000000000, 0.898447928622685
1.00000000000000, 0.898447928622685, 1.00000000000000

0.898447928622685, 1.00000000000000, 0.898447928622685
1.00000000000000, 0.898447928622685, 1.00000000000000
0.898447928622685, 1.00000000000000, 0.898447928622685

1.00000000000000, 0.898447928622685, 1.00000000000000
0.898447928622685, 1.00000000000000, 0.898447928622685
1.00000000000000, 0.898447928622685, 1.00000000000000

0.898447928622685, 1.00000000000000, 0.898447928622685
1.00000000000000, 0.898447928622685, 1.00000000000000
0.898447928622685, 1.00000000000000, 0.898447928622685

1.00000000000000, 0.898447928622685, 1.00000000000000
0.898447928622685, 1.00000000000000, 0.898447928622685
1.00000000000000, 0.898447928622685, 1.00000000000000

0.898447928622685, 1.00000000000000, 0.898447928622685
1.00000000000000, 0.898447928622685, 1.00000000000000
0.898447928622685, 1.00000000000000, 0.898447928622685

1.00000000000000, 0.898447928622685, 1.00000000000000
0.898447928622685, 1.00000000000000, 0.898447928622685
1.00000000000000, 0.898447928622685, 1.00000000000000

0.898447928622685, 1.00000000000000, 0.898447928622685
1.00000000000000, 0.898447928622685, 1.00000000000000
0.898447928622685, 1.00000000000000, 0.898447928622685

1.00000000000000, 0.898447928622685, 1.00000000000000
0.898447928622685, 1.00000000000000, 0.898447928622685
1.00000000000000, 0.898447928622685, 1.00000000000000

0.898447928622685, 1.00000000000000, 0.898447928622685
1.00000000000000, 0.898447928622685, 1.00000000000000
0.898447928622685, 1.00000000000000, 0.898447928622685

1.00000000000000, 0.898447928622685, 1.00000000000000
0.898447928622685, 1.00000000000000, 0.898447928622685
1.00000000000000, 0.898447928622685, 1.00000000000000

0.898447928622685, 1.00000000000000, 0.898447928622685
1.00000000000000, 0.898447928622685, 1.00000000000000
0.898447928622685, 1.00000000000000, 0.898447928622685

1.00000000000000, 0.898447928622685, 1.00000000000000
0.898447928622685, 1.00000000000000, 0.898447928622685
1.00000000000000, 0.898447928622685, 1.00000000000000

0.898447928622685, 1.00000000000000, 0.898447928622685
1.00000000000000, 0.898447928622685, 1.00000000000000
0.898447928622685, 1.00000000000000, 0.898447928622685

1.00000000000000, 0.898447928622685, 1.00000000000000
0.898447928622685, 1.00000000000000, 0.898447928622685
1.00000000000000, 0.898447928622685, 1.00000000000000

0.898447928622685, 1.00000000000000, 0.898447928622685
1.00000000000000, 0.898447928622685, 1.00000000000000
0.898447928622685, 1.00000000000000, 0.898447928622685

1.00000000000000, 0.898447928622685, 1.00000000000000
0.898447928622685, 1.00000000000000, 0.898447928622685
1.00000000000000, 0.898447928622685, 1.00000000000000

0.898447928622685, 1.00000000000000, 0.898447928622685
1.00000000000000, 0.898447928622685, 1.00000000000000
0.898447928622685, 1.00000000000000, 0.898447928622685

1.00000000000000, 0.898447928622685, 1.00000000000000
0.898447928622685, 1.00000000000000, 0.898447928622685
1.00000000000000, 0.898447928622685, 1.00000000000000

0.898447928622685, 1.00000000000000, 0.898447928622685
1.00000000000000, 0.898447928622685, 1.00000000000000
0.898447928622685, 1.00000000000000, 0.898447928622685

1.00000000000000, 0.898447928622685, 1.00000000000000
0.898447928622685, 1.00000000000000, 0.898447928622685
1.00000000000000, 0.898447928622685, 1.00000000000000

0.898447928622685, 1.00000000000000, 0.898447928622685
1.00000000000000, 0.898447928622685, 1.00000000000000
0.898447928622685, 1.00000000000000, 0.898447928622685

1.00000000000000, 0.898447928622685, 1.00000000000000
0.898447928622685, 1.00000000000000, 0.898447928622685
1.00000000000000, 0.898447928622685, 1.00000000000000

0.898447928622685, 1.00000000000000, 0.898447928622685
1.00000000000000, 0.898447928622685, 1.00000000000000
0.898447928622685, 1.00000000000000, 0.898447928622685

1.00000000000000, 0.898447928622685, 1.00000000000000
0.898447928622685, 1.00000000000000, 0.898447928622685
1.00000000000000, 0.898447928622685, 1.00000000000000

0.898447928622685, 1.00000000000000, 0.898447928622685
1.00000000000000, 0.898447928622685, 1.00000000000000
0.898447928622685, 1.00000000000000, 0.898447928622685

1.00000000000000, 0.898447928622685, 1.00000000000000
0.898447928622685, 1.00000000000000, 0.898447928622685
1.00000000000000, 0.898447928622685, 1.00000000000000

0.898447928622685, 1.00000000000000, 0.898447928622685
1.00000000000000, 0.898447928622685, 1.00000000000000
0.898447928622685, 1.00000000000000, 0.898447928622685
 