Attribute names:	P0	P1	P2	P3
Minor allele frequencies:	0.200	0.200	0.200	0.200
x: 3.49810440842487e-6
y: 1.19285770945484
Prevalence: 6.40070636644565e-6
Heritability: 0.400000000000000

Table:

0.00000349810440842487, 0.00000349810440842487, 0.00000349810440842487
0.00000349810440842487, 0.00000349810440842487, 0.00000349810440842487
0.00000349810440842487, 0.00000349810440842487, 0.00000349810440842487

0.00000349810440842487, 0.00000349810440842487, 0.00000349810440842487
0.00000349810440842487, 0.00000349810440842487, 0.00000349810440842487
0.00000349810440842487, 0.00000349810440842487, 0.00000349810440842487

0.00000349810440842487, 0.00000349810440842487, 0.00000349810440842487
0.00000349810440842487, 0.00000349810440842487, 0.00000349810440842487
0.00000349810440842487, 0.00000349810440842487, 0.00000349810440842487

0.00000349810440842487, 0.00000349810440842487, 0.00000349810440842487
0.00000349810440842487, 0.00000349810440842487, 0.00000349810440842487
0.00000349810440842487, 0.00000349810440842487, 0.00000349810440842487

0.00000349810440842487, 0.00000349810440842487, 0.00000349810440842487
0.00000349810440842487, 0.00000767084522049243, 0.0000168210720797916
0.00000349810440842487, 0.0000168210720797916, 0.0000808862266180759

0.00000349810440842487, 0.00000349810440842487, 0.00000349810440842487
0.00000349810440842487, 0.0000168210720797916, 0.0000808862266180759
0.00000349810440842487, 0.0000808862266180759, 0.00187032200661407

0.00000349810440842487, 0.00000349810440842487, 0.00000349810440842487
0.00000349810440842487, 0.00000349810440842487, 0.00000349810440842487
0.00000349810440842487, 0.00000349810440842487, 0.00000349810440842487

0.00000349810440842487, 0.00000349810440842487, 0.00000349810440842487
0.00000349810440842487, 0.0000168210720797916, 0.0000808862266180759
0.00000349810440842487, 0.0000808862266180759, 0.00187032200661407

0.00000349810440842487, 0.00000349810440842487, 0.00000349810440842487
0.00000349810440842487, 0.0000808862266180759, 0.00187032200661407
0.00000349810440842487, 0.00187032200661407, 1.00000000000000
 