Attribute names:	P0	P1	P2	P3
Minor allele frequencies:	0.500	0.500	0.500	0.500
x: 0.0105716924438245
y: 0.328895918336204
Prevalence: 0.0206486371872059
Heritability: 0.200000000000000

Table:

0.0105716924438245, 0.0105716924438245, 0.0105716924438245
0.0105716924438245, 0.0105716924438245, 0.0105716924438245
0.0105716924438245, 0.0105716924438245, 0.0105716924438245

0.0105716924438245, 0.0105716924438245, 0.0105716924438245
0.0105716924438245, 0.0105716924438245, 0.0105716924438245
0.0105716924438245, 0.0105716924438245, 0.0105716924438245

0.0105716924438245, 0.0105716924438245, 0.0105716924438245
0.0105716924438245, 0.0105716924438245, 0.0105716924438245
0.0105716924438245, 0.0105716924438245, 0.0105716924438245

0.0105716924438245, 0.0105716924438245, 0.0105716924438245
0.0105716924438245, 0.0105716924438245, 0.0105716924438245
0.0105716924438245, 0.0105716924438245, 0.0105716924438245

0.0105716924438245, 0.0105716924438245, 0.0105716924438245
0.0105716924438245, 0.0140486789385041, 0.0186692320993938
0.0105716924438245, 0.0186692320993938, 0.0329691985491537

0.0105716924438245, 0.0105716924438245, 0.0105716924438245
0.0105716924438245, 0.0186692320993938, 0.0329691985491537
0.0105716924438245, 0.0329691985491537, 0.102818735859883

0.0105716924438245, 0.0105716924438245, 0.0105716924438245
0.0105716924438245, 0.0105716924438245, 0.0105716924438245
0.0105716924438245, 0.0105716924438245, 0.0105716924438245

0.0105716924438245, 0.0105716924438245, 0.0105716924438245
0.0105716924438245, 0.0186692320993938, 0.0329691985491537
0.0105716924438245, 0.0329691985491537, 0.102818735859883

0.0105716924438245, 0.0105716924438245, 0.0105716924438245
0.0105716924438245, 0.0329691985491537, 0.102818735859883
0.0105716924438245, 0.102818735859883, 1.00000000000000
 