Attribute names:	P0	P1	P2	P3
Minor allele frequencies:	0.100	0.100	0.100	0.100
x: 9.86280811546973e-7
y: 1.37342199917320
Prevalence: 1.00007234554583e-6
Heritability: 0.0100000000000000

Table:

9.86280811546973E-7, 9.86280811546973E-7, 9.86280811546973E-7
9.86280811546973E-7, 9.86280811546973E-7, 9.86280811546973E-7
9.86280811546973E-7, 9.86280811546973E-7, 9.86280811546973E-7

9.86280811546973E-7, 9.86280811546973E-7, 9.86280811546973E-7
9.86280811546973E-7, 9.86280811546973E-7, 9.86280811546973E-7
9.86280811546973E-7, 9.86280811546973E-7, 9.86280811546973E-7

9.86280811546973E-7, 9.86280811546973E-7, 9.86280811546973E-7
9.86280811546973E-7, 9.86280811546973E-7, 9.86280811546973E-7
9.86280811546973E-7, 9.86280811546973E-7, 9.86280811546973E-7

9.86280811546973E-7, 9.86280811546973E-7, 9.86280811546973E-7
9.86280811546973E-7, 9.86280811546973E-7, 9.86280811546973E-7
9.86280811546973E-7, 9.86280811546973E-7, 9.86280811546973E-7

9.86280811546973E-7, 9.86280811546973E-7, 9.86280811546973E-7
9.86280811546973E-7, 0.00000234086057548798, 0.00000555584998686042
9.86280811546973E-7, 0.00000555584998686042, 0.0000312968362712862

9.86280811546973E-7, 9.86280811546973E-7, 9.86280811546973E-7
9.86280811546973E-7, 0.00000555584998686042, 0.0000312968362712862
9.86280811546973E-7, 0.0000312968362712862, 0.000993116715973995

9.86280811546973E-7, 9.86280811546973E-7, 9.86280811546973E-7
9.86280811546973E-7, 9.86280811546973E-7, 9.86280811546973E-7
9.86280811546973E-7, 9.86280811546973E-7, 9.86280811546973E-7

9.86280811546973E-7, 9.86280811546973E-7, 9.86280811546973E-7
9.86280811546973E-7, 0.00000555584998686042, 0.0000312968362712862
9.86280811546973E-7, 0.0000312968362712862, 0.000993116715973995

9.86280811546973E-7, 9.86280811546973E-7, 9.86280811546973E-7
9.86280811546973E-7, 0.0000312968362712862, 0.000993116715973995
9.86280811546973E-7, 0.000993116715973995, 1.00000000000000
 