Attribute names:	P0	P1	P2	P3
Minor allele frequencies:	0.050	0.050	0.050	0.050
x: 3.86557421600778e-9
y: 2.35582360070895
Prevalence: 3.90625228982351e-9
Heritability: 0.0100000000000000

Table:

3.86557421600778E-9, 3.86557421600778E-9, 3.86557421600778E-9
3.86557421600778E-9, 3.86557421600778E-9, 3.86557421600778E-9
3.86557421600778E-9, 3.86557421600778E-9, 3.86557421600778E-9

3.86557421600778E-9, 3.86557421600778E-9, 3.86557421600778E-9
3.86557421600778E-9, 3.86557421600778E-9, 3.86557421600778E-9
3.86557421600778E-9, 3.86557421600778E-9, 3.86557421600778E-9

3.86557421600778E-9, 3.86557421600778E-9, 3.86557421600778E-9
3.86557421600778E-9, 3.86557421600778E-9, 3.86557421600778E-9
3.86557421600778E-9, 3.86557421600778E-9, 3.86557421600778E-9

3.86557421600778E-9, 3.86557421600778E-9, 3.86557421600778E-9
3.86557421600778E-9, 3.86557421600778E-9, 3.86557421600778E-9
3.86557421600778E-9, 3.86557421600778E-9, 3.86557421600778E-9

3.86557421600778E-9, 3.86557421600778E-9, 3.86557421600778E-9
3.86557421600778E-9, 1.29721851843709E-8, 4.35323651944788E-8
3.86557421600778E-9, 4.35323651944788E-8, 4.90241996021647E-7

3.86557421600778E-9, 3.86557421600778E-9, 3.86557421600778E-9
3.86557421600778E-9, 4.35323651944788E-8, 4.90241996021647E-7
3.86557421600778E-9, 4.90241996021647E-7, 0.0000621737421747138

3.86557421600778E-9, 3.86557421600778E-9, 3.86557421600778E-9
3.86557421600778E-9, 3.86557421600778E-9, 3.86557421600778E-9
3.86557421600778E-9, 3.86557421600778E-9, 3.86557421600778E-9

3.86557421600778E-9, 3.86557421600778E-9, 3.86557421600778E-9
3.86557421600778E-9, 4.35323651944788E-8, 4.90241996021647E-7
3.86557421600778E-9, 4.90241996021647E-7, 0.0000621737421747138

3.86557421600778E-9, 3.86557421600778E-9, 3.86557421600778E-9
3.86557421600778E-9, 4.90241996021647E-7, 0.0000621737421747138
3.86557421600778E-9, 0.0000621737421747138, 1.00000000000000
 