Attribute names:	P0	P1	P2	P3
Minor allele frequencies:	0.200	0.200	0.200	0.200
x: 9.56305117108436e-6
y: 1.05926728493298
Prevalence: 1.28039196437992e-5
Heritability: 0.200000000000000

Table:

0.00000956305117108436, 0.00000956305117108436, 0.00000956305117108436
0.00000956305117108436, 0.00000956305117108436, 0.00000956305117108436
0.00000956305117108436, 0.00000956305117108436, 0.00000956305117108436

0.00000956305117108436, 0.00000956305117108436, 0.00000956305117108436
0.00000956305117108436, 0.00000956305117108436, 0.00000956305117108436
0.00000956305117108436, 0.00000956305117108436, 0.00000956305117108436

0.00000956305117108436, 0.00000956305117108436, 0.00000956305117108436
0.00000956305117108436, 0.00000956305117108436, 0.00000956305117108436
0.00000956305117108436, 0.00000956305117108436, 0.00000956305117108436

0.00000956305117108436, 0.00000956305117108436, 0.00000956305117108436
0.00000956305117108436, 0.00000956305117108436, 0.00000956305117108436
0.00000956305117108436, 0.00000956305117108436, 0.00000956305117108436

0.00000956305117108436, 0.00000956305117108436, 0.00000956305117108436
0.00000956305117108436, 0.0000196928784207541, 0.0000405529002780215
0.00000956305117108436, 0.0000405529002780215, 0.000171967888860798

0.00000956305117108436, 0.00000956305117108436, 0.00000956305117108436
0.00000956305117108436, 0.0000405529002780215, 0.000171967888860798
0.00000956305117108436, 0.000171967888860798, 0.00309241833701140

0.00000956305117108436, 0.00000956305117108436, 0.00000956305117108436
0.00000956305117108436, 0.00000956305117108436, 0.00000956305117108436
0.00000956305117108436, 0.00000956305117108436, 0.00000956305117108436

0.00000956305117108436, 0.00000956305117108436, 0.00000956305117108436
0.00000956305117108436, 0.0000405529002780215, 0.000171967888860798
0.00000956305117108436, 0.000171967888860798, 0.00309241833701140

0.00000956305117108436, 0.00000956305117108436, 0.00000956305117108436
0.00000956305117108436, 0.000171967888860798, 0.00309241833701140
0.00000956305117108436, 0.00309241833701140, 1.00000000000000
 