Attribute names:	P0	P1	P2	P3
Minor allele frequencies:	0.200	0.200	0.200	0.200
x: 4.66265732065242e-5
y: 0.865135577529163
Prevalence: 5.12797851524011e-5
Heritability: 0.0500000000000000

Table:

0.0000466265732065242, 0.0000466265732065242, 0.0000466265732065242
0.0000466265732065242, 0.0000466265732065242, 0.0000466265732065242
0.0000466265732065242, 0.0000466265732065242, 0.0000466265732065242

0.0000466265732065242, 0.0000466265732065242, 0.0000466265732065242
0.0000466265732065242, 0.0000466265732065242, 0.0000466265732065242
0.0000466265732065242, 0.0000466265732065242, 0.0000466265732065242

0.0000466265732065242, 0.0000466265732065242, 0.0000466265732065242
0.0000466265732065242, 0.0000466265732065242, 0.0000466265732065242
0.0000466265732065242, 0.0000466265732065242, 0.0000466265732065242

0.0000466265732065242, 0.0000466265732065242, 0.0000466265732065242
0.0000466265732065242, 0.0000466265732065242, 0.0000466265732065242
0.0000466265732065242, 0.0000466265732065242, 0.0000466265732065242

0.0000466265732065242, 0.0000466265732065242, 0.0000466265732065242
0.0000466265732065242, 0.0000869648805457563, 0.000162201292701464
0.0000466265732065242, 0.000162201292701464, 0.000564254620160347

0.0000466265732065242, 0.0000466265732065242, 0.0000466265732065242
0.0000466265732065242, 0.000162201292701464, 0.000564254620160347
0.0000466265732065242, 0.000564254620160347, 0.00682836533926856

0.0000466265732065242, 0.0000466265732065242, 0.0000466265732065242
0.0000466265732065242, 0.0000466265732065242, 0.0000466265732065242
0.0000466265732065242, 0.0000466265732065242, 0.0000466265732065242

0.0000466265732065242, 0.0000466265732065242, 0.0000466265732065242
0.0000466265732065242, 0.000162201292701464, 0.000564254620160347
0.0000466265732065242, 0.000564254620160347, 0.00682836533926856

0.0000466265732065242, 0.0000466265732065242, 0.0000466265732065242
0.0000466265732065242, 0.000564254620160347, 0.00682836533926856
0.0000466265732065242, 0.00682836533926856, 1.00000000000000
 