Attribute names:	P0	P1	P2	P3
Minor allele frequencies:	0.050	0.050	0.050	0.050
x: 5.85161360347852e-11
y: 3.36059018019095
Prevalence: 9.76562508632722e-11
Heritability: 0.400000000000000

Table:

5.85161360347852E-11, 5.85161360347852E-11, 5.85161360347852E-11
5.85161360347852E-11, 5.85161360347852E-11, 5.85161360347852E-11
5.85161360347852E-11, 5.85161360347852E-11, 5.85161360347852E-11

5.85161360347852E-11, 5.85161360347852E-11, 5.85161360347852E-11
5.85161360347852E-11, 5.85161360347852E-11, 5.85161360347852E-11
5.85161360347852E-11, 5.85161360347852E-11, 5.85161360347852E-11

5.85161360347852E-11, 5.85161360347852E-11, 5.85161360347852E-11
5.85161360347852E-11, 5.85161360347852E-11, 5.85161360347852E-11
5.85161360347852E-11, 5.85161360347852E-11, 5.85161360347852E-11

5.85161360347852E-11, 5.85161360347852E-11, 5.85161360347852E-11
5.85161360347852E-11, 5.85161360347852E-11, 5.85161360347852E-11
5.85161360347852E-11, 5.85161360347852E-11, 5.85161360347852E-11

5.85161360347852E-11, 5.85161360347852E-11, 5.85161360347852E-11
5.85161360347852E-11, 2.55164888176002E-10, 1.11266950570980E-9
5.85161360347852E-11, 1.11266950570980E-9, 2.11571288336696E-8

5.85161360347852E-11, 5.85161360347852E-11, 5.85161360347852E-11
5.85161360347852E-11, 1.11266950570980E-9, 2.11571288336696E-8
5.85161360347852E-11, 2.11571288336696E-8, 0.00000764958404325262

5.85161360347852E-11, 5.85161360347852E-11, 5.85161360347852E-11
5.85161360347852E-11, 5.85161360347852E-11, 5.85161360347852E-11
5.85161360347852E-11, 5.85161360347852E-11, 5.85161360347852E-11

5.85161360347852E-11, 5.85161360347852E-11, 5.85161360347852E-11
5.85161360347852E-11, 1.11266950570980E-9, 2.11571288336696E-8
5.85161360347852E-11, 2.11571288336696E-8, 0.00000764958404325262

5.85161360347852E-11, 5.85161360347852E-11, 5.85161360347852E-11
5.85161360347852E-11, 2.11571288336696E-8, 0.00000764958404325262
5.85161360347852E-11, 0.00000764958404325262, 1.00000000000000
 