Attribute names:	P0	P1	P2
Minor allele frequencies:	0.100	0.100	0.100
x: 9.69920385363876e-5
y: 2.17437323789972
Prevalence: 0.000100604183348507
Heritability: 0.0100000000000000

Table:

0.0000969920385363876, 0.0000969920385363876, 0.0000969920385363876
0.0000969920385363876, 0.0000969920385363876, 0.0000969920385363876
0.0000969920385363876, 0.0000969920385363876, 0.0000969920385363876

0.0000969920385363876, 0.0000969920385363876, 0.0000969920385363876
0.0000969920385363876, 0.000307888931419247, 0.000977354384142797
0.0000969920385363876, 0.000977354384142797, 0.00984845361142487

0.0000969920385363876, 0.0000969920385363876, 0.0000969920385363876
0.0000969920385363876, 0.000977354384142797, 0.00984845361142487
0.0000969920385363876, 0.00984845361142487, 1.00000000000000
 