Attribute names:	P0	P1	P2
Minor allele frequencies:	0.050	0.050	0.050
x: 2.28864631599102e-8
y: 8.01680473156009
Prevalence: 3.90626016128829e-8
Heritability: 0.400000000000000

Table:

2.28864631599102E-8, 2.28864631599102E-8, 2.28864631599102E-8
2.28864631599102E-8, 2.28864631599102E-8, 2.28864631599102E-8
2.28864631599102E-8, 2.28864631599102E-8, 2.28864631599102E-8

2.28864631599102E-8, 2.28864631599102E-8, 2.28864631599102E-8
2.28864631599102E-8, 2.06362769308954E-7, 0.00000186073279472282
2.28864631599102E-8, 0.00000186073279472282, 0.000151282725913801

2.28864631599102E-8, 2.28864631599102E-8, 2.28864631599102E-8
2.28864631599102E-8, 0.00000186073279472282, 0.000151282725913801
2.28864631599102E-8, 0.000151282725913801, 1.00000000000000
 