Attribute names:	P0	P1	P2	P3
Minor allele frequencies:	0.500	0.500	0.500	0.500
x: 0.545616883854546
y: 0.0385908985674528
Prevalence: 0.568470783371284
Heritability: 0.0100000000000000

Table:

0.545616883854546, 0.545616883854546, 0.545616883854546
0.545616883854546, 0.545616883854546, 0.545616883854546
0.545616883854546, 0.545616883854546, 0.545616883854546

0.545616883854546, 0.545616883854546, 0.545616883854546
0.545616883854546, 0.545616883854546, 0.545616883854546
0.545616883854546, 0.545616883854546, 0.545616883854546

0.545616883854546, 0.545616883854546, 0.545616883854546
0.545616883854546, 0.545616883854546, 0.545616883854546
0.545616883854546, 0.545616883854546, 0.545616883854546

0.545616883854546, 0.545616883854546, 0.545616883854546
0.545616883854546, 0.545616883854546, 0.545616883854546
0.545616883854546, 0.545616883854546, 0.545616883854546

0.545616883854546, 0.545616883854546, 0.545616883854546
0.545616883854546, 0.566672729676066, 0.588541139507937
0.545616883854546, 0.588541139507937, 0.634842291620949

0.545616883854546, 0.545616883854546, 0.545616883854546
0.545616883854546, 0.588541139507937, 0.634842291620949
0.545616883854546, 0.634842291620949, 0.738658841316170

0.545616883854546, 0.545616883854546, 0.545616883854546
0.545616883854546, 0.545616883854546, 0.545616883854546
0.545616883854546, 0.545616883854546, 0.545616883854546

0.545616883854546, 0.545616883854546, 0.545616883854546
0.545616883854546, 0.588541139507937, 0.634842291620949
0.545616883854546, 0.634842291620949, 0.738658841316170

0.545616883854546, 0.545616883854546, 0.545616883854546
0.545616883854546, 0.634842291620949, 0.738658841316170
0.545616883854546, 0.738658841316170, 1.00000000000000
 