Attribute names:	P0	P1	P2
Minor allele frequencies:	0.100	0.100	0.100
x: 3.73577108665354e-6
y: 3.76927613145765
Prevalence: 5.00102226711892e-6
Heritability: 0.200000000000000

Table:

0.00000373577108665354, 0.00000373577108665354, 0.00000373577108665354
0.00000373577108665354, 0.00000373577108665354, 0.00000373577108665354
0.00000373577108665354, 0.00000373577108665354, 0.00000373577108665354

0.00000373577108665354, 0.00000373577108665354, 0.00000373577108665354
0.00000373577108665354, 0.0000178169238761663, 0.0000849738297785978
0.00000373577108665354, 0.0000849738297785978, 0.00193281429181738

0.00000373577108665354, 0.00000373577108665354, 0.00000373577108665354
0.00000373577108665354, 0.0000849738297785978, 0.00193281429181738
0.00000373577108665354, 0.00193281429181738, 1.00000000000000
 