Attribute names:	P0	P1	P2
Minor allele frequencies:	0.500	0.500	0.500
x: 0.789353461574769
y: 0.0300090967083254
Prevalence: 0.813912821306845
Heritability: 0.0100000000000000

Table:

0.789353461574769, 0.789353461574769, 0.789353461574769
0.789353461574769, 0.789353461574769, 0.789353461574769
0.789353461574769, 0.789353461574769, 0.789353461574769

0.789353461574769, 0.789353461574769, 0.789353461574769
0.789353461574769, 0.813041245940218, 0.837439879317496
0.789353461574769, 0.837439879317496, 0.888455661006653

0.789353461574769, 0.789353461574769, 0.789353461574769
0.789353461574769, 0.837439879317496, 0.888455661006653
0.789353461574769, 0.888455661006653, 1.00000000000000
 