Attribute names:	P0	P1	P2	P3
Minor allele frequencies:	0.050	0.050	0.050	0.050
x: 1.56100325827574e-10
y: 3.10121240104487
Prevalence: 1.95312504607229e-10
Heritability: 0.200000000000000

Table:

1.56100325827574E-10, 1.56100325827574E-10, 1.56100325827574E-10
1.56100325827574E-10, 1.56100325827574E-10, 1.56100325827574E-10
1.56100325827574E-10, 1.56100325827574E-10, 1.56100325827574E-10

1.56100325827574E-10, 1.56100325827574E-10, 1.56100325827574E-10
1.56100325827574E-10, 1.56100325827574E-10, 1.56100325827574E-10
1.56100325827574E-10, 1.56100325827574E-10, 1.56100325827574E-10

1.56100325827574E-10, 1.56100325827574E-10, 1.56100325827574E-10
1.56100325827574E-10, 1.56100325827574E-10, 1.56100325827574E-10
1.56100325827574E-10, 1.56100325827574E-10, 1.56100325827574E-10

1.56100325827574E-10, 1.56100325827574E-10, 1.56100325827574E-10
1.56100325827574E-10, 1.56100325827574E-10, 1.56100325827574E-10
1.56100325827574E-10, 1.56100325827574E-10, 1.56100325827574E-10

1.56100325827574E-10, 1.56100325827574E-10, 1.56100325827574E-10
1.56100325827574E-10, 6.40200592091193E-10, 2.62559860744067E-9
1.56100325827574E-10, 2.62559860744067E-9, 4.41624193341476E-8

1.56100325827574E-10, 1.56100325827574E-10, 1.56100325827574E-10
1.56100325827574E-10, 2.62559860744067E-9, 4.41624193341476E-8
1.56100325827574E-10, 4.41624193341476E-8, 0.0000124940115986649

1.56100325827574E-10, 1.56100325827574E-10, 1.56100325827574E-10
1.56100325827574E-10, 1.56100325827574E-10, 1.56100325827574E-10
1.56100325827574E-10, 1.56100325827574E-10, 1.56100325827574E-10

1.56100325827574E-10, 1.56100325827574E-10, 1.56100325827574E-10
1.56100325827574E-10, 2.62559860744067E-9, 4.41624193341476E-8
1.56100325827574E-10, 4.41624193341476E-8, 0.0000124940115986649

1.56100325827574E-10, 1.56100325827574E-10, 1.56100325827574E-10
1.56100325827574E-10, 4.41624193341476E-8, 0.0000124940115986649
1.56100325827574E-10, 0.0000124940115986649, 1.00000000000000
 