Attribute names:	P0	P1	P2
Minor allele frequencies:	0.200	0.200	0.200
x: 0.00715311549289190
y: 0.854334572146263
Prevalence: 0.00775017267363496
Heritability: 0.0100000000000000

Table:

0.00715311549289190, 0.00715311549289190, 0.00715311549289190
0.00715311549289190, 0.00715311549289190, 0.00715311549289190
0.00715311549289190, 0.00715311549289190, 0.00715311549289190

0.00715311549289190, 0.00715311549289190, 0.00715311549289190
0.00715311549289190, 0.0132642693570245, 0.0245963932429908
0.00715311549289190, 0.0245963932429908, 0.0845760929157401

0.00715311549289190, 0.00715311549289190, 0.00715311549289190
0.00715311549289190, 0.0245963932429908, 0.0845760929157401
0.00715311549289190, 0.0845760929157401, 1.00000000000000
 