Attribute names:	P0	P1	P2	P3
Minor allele frequencies:	0.200	0.200	0.200	0.200
x: 0.000248654841241762
y: 0.679868136540963
Prevalence: 0.000258335611669561
Heritability: 0.0100000000000000

Table:

0.000248654841241762, 0.000248654841241762, 0.000248654841241762
0.000248654841241762, 0.000248654841241762, 0.000248654841241762
0.000248654841241762, 0.000248654841241762, 0.000248654841241762

0.000248654841241762, 0.000248654841241762, 0.000248654841241762
0.000248654841241762, 0.000248654841241762, 0.000248654841241762
0.000248654841241762, 0.000248654841241762, 0.000248654841241762

0.000248654841241762, 0.000248654841241762, 0.000248654841241762
0.000248654841241762, 0.000248654841241762, 0.000248654841241762
0.000248654841241762, 0.000248654841241762, 0.000248654841241762

0.000248654841241762, 0.000248654841241762, 0.000248654841241762
0.000248654841241762, 0.000248654841241762, 0.000248654841241762
0.000248654841241762, 0.000248654841241762, 0.000248654841241762

0.000248654841241762, 0.000248654841241762, 0.000248654841241762
0.000248654841241762, 0.000417707344798687, 0.000701693258926444
0.000248654841241762, 0.000701693258926444, 0.00198014817312199

0.000248654841241762, 0.000248654841241762, 0.000248654841241762
0.000248654841241762, 0.000701693258926444, 0.00198014817312199
0.000248654841241762, 0.00198014817312199, 0.0157687932715779

0.000248654841241762, 0.000248654841241762, 0.000248654841241762
0.000248654841241762, 0.000248654841241762, 0.000248654841241762
0.000248654841241762, 0.000248654841241762, 0.000248654841241762

0.000248654841241762, 0.000248654841241762, 0.000248654841241762
0.000248654841241762, 0.000701693258926444, 0.00198014817312199
0.000248654841241762, 0.00198014817312199, 0.0157687932715779

0.000248654841241762, 0.000248654841241762, 0.000248654841241762
0.000248654841241762, 0.00198014817312199, 0.0157687932715779
0.000248654841241762, 0.0157687932715779, 1.00000000000000
 