Attribute names:	P0	P1	P2
Minor allele frequencies:	0.500	0.500	0.500
x: 0.0105994036903609
y: 0.765386579974716
Prevalence: 0.0399375413681724
Heritability: 0.400000000000000

Table:

0.0105994036903609, 0.0105994036903609, 0.0105994036903609
0.0105994036903609, 0.0105994036903609, 0.0105994036903609
0.0105994036903609, 0.0105994036903609, 0.0105994036903609

0.0105994036903609, 0.0105994036903609, 0.0105994036903609
0.0105994036903609, 0.0187120450306976, 0.0330339931810762
0.0105994036903609, 0.0330339931810762, 0.102953405433531

0.0105994036903609, 0.0105994036903609, 0.0105994036903609
0.0105994036903609, 0.0330339931810762, 0.102953405433531
0.0105994036903609, 0.102953405433531, 1.00000000000000
 