Attribute names:	P0	P1	P2
Minor allele frequencies:	0.200	0.200	0.200
x: 0.000204740117095609
y: 1.89134310988351
Prevalence: 0.000321595930125844
Heritability: 0.200000000000000

Table:

0.000204740117095609, 0.000204740117095609, 0.000204740117095609
0.000204740117095609, 0.000204740117095609, 0.000204740117095609
0.000204740117095609, 0.000204740117095609, 0.000204740117095609

0.000204740117095609, 0.000204740117095609, 0.000204740117095609
0.000204740117095609, 0.000591973926881132, 0.00171159973471845
0.000204740117095609, 0.00171159973471845, 0.0143087426804597

0.000204740117095609, 0.000204740117095609, 0.000204740117095609
0.000204740117095609, 0.00171159973471845, 0.0143087426804597
0.000204740117095609, 0.0143087426804597, 1.00000000000000
 