Attribute names:	P0	P1	P2
Minor allele frequencies:	0.200	0.200	0.200
x: 6.97501232496959e-5
y: 2.30793431739778
Prevalence: 0.000160263165649759
Heritability: 0.400000000000000

Table:

0.0000697501232496959, 0.0000697501232496959, 0.0000697501232496959
0.0000697501232496959, 0.0000697501232496959, 0.0000697501232496959
0.0000697501232496959, 0.0000697501232496959, 0.0000697501232496959

0.0000697501232496959, 0.0000697501232496959, 0.0000697501232496959
0.0000697501232496959, 0.000230728826340394, 0.000763235802664300
0.0000697501232496959, 0.000763235802664300, 0.00835165392300806

0.0000697501232496959, 0.0000697501232496959, 0.0000697501232496959
0.0000697501232496959, 0.000763235802664300, 0.00835165392300806
0.0000697501232496959, 0.00835165392300806, 1.00000000000000
 