Attribute names:	P0	P1	P2	P3
Minor allele frequencies:	0.100	0.100	0.100	0.100
x: 3.96551601321172e-8
y: 1.90139105813922
Prevalence: 5.00001415779585e-8
Heritability: 0.200000000000000

Table:

3.96551601321172E-8, 3.96551601321172E-8, 3.96551601321172E-8
3.96551601321172E-8, 3.96551601321172E-8, 3.96551601321172E-8
3.96551601321172E-8, 3.96551601321172E-8, 3.96551601321172E-8

3.96551601321172E-8, 3.96551601321172E-8, 3.96551601321172E-8
3.96551601321172E-8, 3.96551601321172E-8, 3.96551601321172E-8
3.96551601321172E-8, 3.96551601321172E-8, 3.96551601321172E-8

3.96551601321172E-8, 3.96551601321172E-8, 3.96551601321172E-8
3.96551601321172E-8, 3.96551601321172E-8, 3.96551601321172E-8
3.96551601321172E-8, 3.96551601321172E-8, 3.96551601321172E-8

3.96551601321172E-8, 3.96551601321172E-8, 3.96551601321172E-8
3.96551601321172E-8, 3.96551601321172E-8, 3.96551601321172E-8
3.96551601321172E-8, 3.96551601321172E-8, 3.96551601321172E-8

3.96551601321172E-8, 3.96551601321172E-8, 3.96551601321172E-8
3.96551601321172E-8, 1.15055127016404E-7, 3.33819916718466E-7
3.96551601321172E-8, 3.33819916718466E-7, 0.00000281011945044878

3.96551601321172E-8, 3.96551601321172E-8, 3.96551601321172E-8
3.96551601321172E-8, 3.33819916718466E-7, 0.00000281011945044878
3.96551601321172E-8, 0.00000281011945044878, 0.000199136034238199

3.96551601321172E-8, 3.96551601321172E-8, 3.96551601321172E-8
3.96551601321172E-8, 3.96551601321172E-8, 3.96551601321172E-8
3.96551601321172E-8, 3.96551601321172E-8, 3.96551601321172E-8

3.96551601321172E-8, 3.96551601321172E-8, 3.96551601321172E-8
3.96551601321172E-8, 3.33819916718466E-7, 0.00000281011945044878
3.96551601321172E-8, 0.00000281011945044878, 0.000199136034238199

3.96551601321172E-8, 3.96551601321172E-8, 3.96551601321172E-8
3.96551601321172E-8, 0.00000281011945044878, 0.000199136034238199
3.96551601321172E-8, 0.000199136034238199, 1.00000000000000
 