Attribute names:	P0	P1	P2
Minor allele frequencies:	0.200	0.200	0.200
x: 0.00109494669084972
y: 1.34463842473615
Prevalence: 0.00131677579142269
Heritability: 0.0500000000000000

Table:

0.00109494669084972, 0.00109494669084972, 0.00109494669084972
0.00109494669084972, 0.00109494669084972, 0.00109494669084972
0.00109494669084972, 0.00109494669084972, 0.00109494669084972

0.00109494669084972, 0.00109494669084972, 0.00109494669084972
0.00109494669084972, 0.00256725408440394, 0.00601928257235430
0.00109494669084972, 0.00601928257235430, 0.0330899787073023

0.00109494669084972, 0.00109494669084972, 0.00109494669084972
0.00109494669084972, 0.00601928257235430, 0.0330899787073023
0.00109494669084972, 0.0330899787073023, 1.00000000000000
 