Attribute names:	P0	P1	P2
Minor allele frequencies:	0.050	0.050	0.050
x: 2.93688239118745e-7
y: 5.55411685983604
Prevalence: 3.12510609499775e-7
Heritability: 0.0500000000000000

Table:

2.93688239118745E-7, 2.93688239118745E-7, 2.93688239118745E-7
2.93688239118745E-7, 2.93688239118745E-7, 2.93688239118745E-7
2.93688239118745E-7, 2.93688239118745E-7, 2.93688239118745E-7

2.93688239118745E-7, 2.93688239118745E-7, 2.93688239118745E-7
2.93688239118745E-7, 0.00000192486703954373, 0.0000126158035168162
2.93688239118745E-7, 0.0000126158035168162, 0.000541930105381446

2.93688239118745E-7, 2.93688239118745E-7, 2.93688239118745E-7
2.93688239118745E-7, 0.0000126158035168162, 0.000541930105381446
2.93688239118745E-7, 0.000541930105381446, 1.00000000000000
 