Attribute names:	P0	P1	P2
Minor allele frequencies:	0.100	0.100	0.100
x: 1.36460741259242e-6
y: 4.40908784111741
Prevalence: 2.50018413706612e-6
Heritability: 0.400000000000000

Table:

0.00000136460741259242, 0.00000136460741259242, 0.00000136460741259242
0.00000136460741259242, 0.00000136460741259242, 0.00000136460741259242
0.00000136460741259242, 0.00000136460741259242, 0.00000136460741259242

0.00000136460741259242, 0.00000136460741259242, 0.00000136460741259242
0.00000136460741259242, 0.00000738128136335233, 0.0000399259992743756
0.00000136460741259242, 0.0000399259992743756, 0.00116816412057228

0.00000136460741259242, 0.00000136460741259242, 0.00000136460741259242
0.00000136460741259242, 0.0000399259992743756, 0.00116816412057228
0.00000136460741259242, 0.00116816412057228, 1.00000000000000
 