Attribute names:	P0	P1	P2
Minor allele frequencies:	0.050	0.050	0.050
x: 1.53640323776503e-6
y: 4.32950468458546
Prevalence: 1.56278635761287e-6
Heritability: 0.0100000000000000

Table:

0.00000153640323776503, 0.00000153640323776503, 0.00000153640323776503
0.00000153640323776503, 0.00000153640323776503, 0.00000153640323776503
0.00000153640323776503, 0.00000153640323776503, 0.00000153640323776503

0.00000153640323776503, 0.00000153640323776503, 0.00000153640323776503
0.00000153640323776503, 0.00000818826825308101, 0.0000436394140134376
0.00000153640323776503, 0.0000436394140134376, 0.00123951734064717

0.00000153640323776503, 0.00000153640323776503, 0.00000153640323776503
0.00000153640323776503, 0.0000436394140134376, 0.00123951734064717
0.00000153640323776503, 0.00123951734064717, 1.00000000000000
 