Attribute names:	P0	P1	P2	P3
Minor allele frequencies:	0.500	0.500	0.500	0.500
x: 0.0850592428270893
y: 0.166520580971426
Prevalence: 0.106601959057835
Heritability: 0.0500000000000000

Table:

0.0850592428270893, 0.0850592428270893, 0.0850592428270893
0.0850592428270893, 0.0850592428270893, 0.0850592428270893
0.0850592428270893, 0.0850592428270893, 0.0850592428270893

0.0850592428270893, 0.0850592428270893, 0.0850592428270893
0.0850592428270893, 0.0850592428270893, 0.0850592428270893
0.0850592428270893, 0.0850592428270893, 0.0850592428270893

0.0850592428270893, 0.0850592428270893, 0.0850592428270893
0.0850592428270893, 0.0850592428270893, 0.0850592428270893
0.0850592428270893, 0.0850592428270893, 0.0850592428270893

0.0850592428270893, 0.0850592428270893, 0.0850592428270893
0.0850592428270893, 0.0850592428270893, 0.0850592428270893
0.0850592428270893, 0.0850592428270893, 0.0850592428270893

0.0850592428270893, 0.0850592428270893, 0.0850592428270893
0.0850592428270893, 0.0992233573596457, 0.115746088473109
0.0850592428270893, 0.115746088473109, 0.157503835580326

0.0850592428270893, 0.0850592428270893, 0.0850592428270893
0.0850592428270893, 0.115746088473109, 0.157503835580326
0.0850592428270893, 0.157503835580326, 0.291649177655431

0.0850592428270893, 0.0850592428270893, 0.0850592428270893
0.0850592428270893, 0.0850592428270893, 0.0850592428270893
0.0850592428270893, 0.0850592428270893, 0.0850592428270893

0.0850592428270893, 0.0850592428270893, 0.0850592428270893
0.0850592428270893, 0.115746088473109, 0.157503835580326
0.0850592428270893, 0.157503835580326, 0.291649177655431

0.0850592428270893, 0.0850592428270893, 0.0850592428270893
0.0850592428270893, 0.157503835580326, 0.291649177655431
0.0850592428270893, 0.291649177655431, 1.00000000000000
 