Attribute names:	P0	P1	P2
Minor allele frequencies:	0.500	0.500	0.500
x: 0.318520769575867
y: 0.153739550074580
Prevalence: 0.378114067268063
Heritability: 0.0500000000000000

Table:

0.318520769575867, 0.318520769575867, 0.318520769575867
0.318520769575867, 0.318520769575867, 0.318520769575867
0.318520769575867, 0.318520769575867, 0.318520769575867

0.318520769575867, 0.318520769575867, 0.318520769575867
0.318520769575867, 0.367490009379869, 0.423987758078834
0.318520769575867, 0.423987758078834, 0.564376443143995

0.318520769575867, 0.318520769575867, 0.318520769575867
0.318520769575867, 0.423987758078834, 0.564376443143995
0.318520769575867, 0.564376443143995, 1.00000000000000
 