Attribute names:	P0	P1	P2	P3
Minor allele frequencies:	0.050	0.050	0.050	0.050
x: 7.41732000821670e-10
y: 2.72057069882135
Prevalence: 7.81250087653546e-10
Heritability: 0.0500000000000000

Table:

7.41732000821670E-10, 7.41732000821670E-10, 7.41732000821670E-10
7.41732000821670E-10, 7.41732000821670E-10, 7.41732000821670E-10
7.41732000821670E-10, 7.41732000821670E-10, 7.41732000821670E-10

7.41732000821670E-10, 7.41732000821670E-10, 7.41732000821670E-10
7.41732000821670E-10, 7.41732000821670E-10, 7.41732000821670E-10
7.41732000821670E-10, 7.41732000821670E-10, 7.41732000821670E-10

7.41732000821670E-10, 7.41732000821670E-10, 7.41732000821670E-10
7.41732000821670E-10, 7.41732000821670E-10, 7.41732000821670E-10
7.41732000821670E-10, 7.41732000821670E-10, 7.41732000821670E-10

7.41732000821670E-10, 7.41732000821670E-10, 7.41732000821670E-10
7.41732000821670E-10, 7.41732000821670E-10, 7.41732000821670E-10
7.41732000821670E-10, 7.41732000821670E-10, 7.41732000821670E-10

7.41732000821670E-10, 7.41732000821670E-10, 7.41732000821670E-10
7.41732000821670E-10, 2.75966634863524E-9, 1.02675337552556E-8
7.41732000821670E-10, 1.02675337552556E-8, 1.42129838403263E-7

7.41732000821670E-10, 7.41732000821670E-10, 7.41732000821670E-10
7.41732000821670E-10, 1.02675337552556E-8, 1.42129838403263E-7
7.41732000821670E-10, 1.42129838403263E-7, 0.0000272347572198041

7.41732000821670E-10, 7.41732000821670E-10, 7.41732000821670E-10
7.41732000821670E-10, 7.41732000821670E-10, 7.41732000821670E-10
7.41732000821670E-10, 7.41732000821670E-10, 7.41732000821670E-10

7.41732000821670E-10, 7.41732000821670E-10, 7.41732000821670E-10
7.41732000821670E-10, 1.02675337552556E-8, 1.42129838403263E-7
7.41732000821670E-10, 1.42129838403263E-7, 0.0000272347572198041

7.41732000821670E-10, 7.41732000821670E-10, 7.41732000821670E-10
7.41732000821670E-10, 1.42129838403263E-7, 0.0000272347572198041
7.41732000821670E-10, 0.0000272347572198041, 1.00000000000000
 