Attribute names:	P0	P1	P2	P3
Minor allele frequencies:	0.100	0.100	0.100	0.100
x: 1.88932619947158e-7
y: 1.63166627998195
Prevalence: 2.00002718696945e-7
Heritability: 0.0500000000000000

Table:

1.88932619947158E-7, 1.88932619947158E-7, 1.88932619947158E-7
1.88932619947158E-7, 1.88932619947158E-7, 1.88932619947158E-7
1.88932619947158E-7, 1.88932619947158E-7, 1.88932619947158E-7

1.88932619947158E-7, 1.88932619947158E-7, 1.88932619947158E-7
1.88932619947158E-7, 1.88932619947158E-7, 1.88932619947158E-7
1.88932619947158E-7, 1.88932619947158E-7, 1.88932619947158E-7

1.88932619947158E-7, 1.88932619947158E-7, 1.88932619947158E-7
1.88932619947158E-7, 1.88932619947158E-7, 1.88932619947158E-7
1.88932619947158E-7, 1.88932619947158E-7, 1.88932619947158E-7

1.88932619947158E-7, 1.88932619947158E-7, 1.88932619947158E-7
1.88932619947158E-7, 1.88932619947158E-7, 1.88932619947158E-7
1.88932619947158E-7, 1.88932619947158E-7, 1.88932619947158E-7

1.88932619947158E-7, 1.88932619947158E-7, 1.88932619947158E-7
1.88932619947158E-7, 4.97207605103581E-7, 0.00000130848448850167
1.88932619947158E-7, 0.00000130848448850167, 0.00000906212837745195

1.88932619947158E-7, 1.88932619947158E-7, 1.88932619947158E-7
1.88932619947158E-7, 0.00000130848448850167, 0.00000906212837745195
1.88932619947158E-7, 0.00000906212837745195, 0.000434663801054514

1.88932619947158E-7, 1.88932619947158E-7, 1.88932619947158E-7
1.88932619947158E-7, 1.88932619947158E-7, 1.88932619947158E-7
1.88932619947158E-7, 1.88932619947158E-7, 1.88932619947158E-7

1.88932619947158E-7, 1.88932619947158E-7, 1.88932619947158E-7
1.88932619947158E-7, 0.00000130848448850167, 0.00000906212837745195
1.88932619947158E-7, 0.00000906212837745195, 0.000434663801054514

1.88932619947158E-7, 1.88932619947158E-7, 1.88932619947158E-7
1.88932619947158E-7, 0.00000906212837745195, 0.000434663801054514
1.88932619947158E-7, 0.000434663801054514, 1.00000000000000
 