Attribute names:	P0	P1	P2
Minor allele frequencies:	0.100	0.100	0.100
x: 1.82282136815691e-5
y: 2.91207332356729
Prevalence: 2.00207764848582e-5
Heritability: 0.0500000000000000

Table:

0.0000182282136815691, 0.0000182282136815691, 0.0000182282136815691
0.0000182282136815691, 0.0000182282136815691, 0.0000182282136815691
0.0000182282136815691, 0.0000182282136815691, 0.0000182282136815691

0.0000182282136815691, 0.0000182282136815691, 0.0000182282136815691
0.0000182282136815691, 0.0000713101084799507, 0.000278970373085105
0.0000182282136815691, 0.000278970373085105, 0.00426945121550406

0.0000182282136815691, 0.0000182282136815691, 0.0000182282136815691
0.0000182282136815691, 0.000278970373085105, 0.00426945121550406
0.0000182282136815691, 0.00426945121550406, 1.00000000000000
 