Attribute names:	P0	P1	P2	P3
Minor allele frequencies:	0.100	0.100	0.100	0.100
x: 1.48246254330885e-8
y: 2.08541450541486
Prevalence: 2.50000264003604e-8
Heritability: 0.400000000000000

Table:

1.48246254330885E-8, 1.48246254330885E-8, 1.48246254330885E-8
1.48246254330885E-8, 1.48246254330885E-8, 1.48246254330885E-8
1.48246254330885E-8, 1.48246254330885E-8, 1.48246254330885E-8

1.48246254330885E-8, 1.48246254330885E-8, 1.48246254330885E-8
1.48246254330885E-8, 1.48246254330885E-8, 1.48246254330885E-8
1.48246254330885E-8, 1.48246254330885E-8, 1.48246254330885E-8

1.48246254330885E-8, 1.48246254330885E-8, 1.48246254330885E-8
1.48246254330885E-8, 1.48246254330885E-8, 1.48246254330885E-8
1.48246254330885E-8, 1.48246254330885E-8, 1.48246254330885E-8

1.48246254330885E-8, 1.48246254330885E-8, 1.48246254330885E-8
1.48246254330885E-8, 1.48246254330885E-8, 1.48246254330885E-8
1.48246254330885E-8, 1.48246254330885E-8, 1.48246254330885E-8

1.48246254330885E-8, 1.48246254330885E-8, 1.48246254330885E-8
1.48246254330885E-8, 4.57401143485934E-8, 1.41127212290484E-7
1.48246254330885E-8, 1.41127212290484E-7, 0.00000134350038986003

1.48246254330885E-8, 1.48246254330885E-8, 1.48246254330885E-8
1.48246254330885E-8, 1.41127212290484E-7, 0.00000134350038986003
1.48246254330885E-8, 0.00000134350038986003, 0.000121756418447195

1.48246254330885E-8, 1.48246254330885E-8, 1.48246254330885E-8
1.48246254330885E-8, 1.48246254330885E-8, 1.48246254330885E-8
1.48246254330885E-8, 1.48246254330885E-8, 1.48246254330885E-8

1.48246254330885E-8, 1.48246254330885E-8, 1.48246254330885E-8
1.48246254330885E-8, 1.41127212290484E-7, 0.00000134350038986003
1.48246254330885E-8, 0.00000134350038986003, 0.000121756418447195

1.48246254330885E-8, 1.48246254330885E-8, 1.48246254330885E-8
1.48246254330885E-8, 0.00000134350038986003, 0.000121756418447195
1.48246254330885E-8, 0.000121756418447195, 1.00000000000000
 