Attribute names:	P0	P1	P2
Minor allele frequencies:	0.500	0.500	0.500
x: 0.0426352780774586
y: 0.483470322608295
Prevalence: 0.0851298554444850
Heritability: 0.200000000000000

Table:

0.0426352780774586, 0.0426352780774586, 0.0426352780774586
0.0426352780774586, 0.0426352780774586, 0.0426352780774586
0.0426352780774586, 0.0426352780774586, 0.0426352780774586

0.0426352780774586, 0.0426352780774586, 0.0426352780774586
0.0426352780774586, 0.0632481697240619, 0.0938267827449384
0.0426352780774586, 0.0938267827449384, 0.206483118141553

0.0426352780774586, 0.0426352780774586, 0.0426352780774586
0.0426352780774586, 0.0938267827449384, 0.206483118141553
0.0426352780774586, 0.206483118141553, 1.00000000000000
 