Attribute names:	P0	P1	P2
Minor allele frequencies:	0.050	0.050	0.050
x: 6.14320975450565e-8
y: 6.96985797053389
Prevalence: 7.81255477479925e-8
Heritability: 0.200000000000000

Table:

6.14320975450565E-8, 6.14320975450565E-8, 6.14320975450565E-8
6.14320975450565E-8, 6.14320975450565E-8, 6.14320975450565E-8
6.14320975450565E-8, 6.14320975450565E-8, 6.14320975450565E-8

6.14320975450565E-8, 6.14320975450565E-8, 6.14320975450565E-8
6.14320975450565E-8, 4.89605092266084E-7, 0.00000390208304701083
6.14320975450565E-8, 0.00000390208304701083, 0.000247854992979880

6.14320975450565E-8, 6.14320975450565E-8, 6.14320975450565E-8
6.14320975450565E-8, 0.00000390208304701083, 0.000247854992979880
6.14320975450565E-8, 0.000247854992979880, 1.00000000000000
 