Attribute names:	P0	P1	P2	P3
Minor allele frequencies:	0.500	0.500	0.500	0.500
x: 0.00300411083344035
y: 0.437615521372904
Prevalence: 0.00992163739431985
Heritability: 0.400000000000000

Table:

0.00300411083344035, 0.00300411083344035, 0.00300411083344035
0.00300411083344035, 0.00300411083344035, 0.00300411083344035
0.00300411083344035, 0.00300411083344035, 0.00300411083344035

0.00300411083344035, 0.00300411083344035, 0.00300411083344035
0.00300411083344035, 0.00300411083344035, 0.00300411083344035
0.00300411083344035, 0.00300411083344035, 0.00300411083344035

0.00300411083344035, 0.00300411083344035, 0.00300411083344035
0.00300411083344035, 0.00300411083344035, 0.00300411083344035
0.00300411083344035, 0.00300411083344035, 0.00300411083344035

0.00300411083344035, 0.00300411083344035, 0.00300411083344035
0.00300411083344035, 0.00300411083344035, 0.00300411083344035
0.00300411083344035, 0.00300411083344035, 0.00300411083344035

0.00300411083344035, 0.00300411083344035, 0.00300411083344035
0.00300411083344035, 0.00431875636207833, 0.00620871117915178
0.00300411083344035, 0.00620871117915178, 0.0128317817295637

0.00300411083344035, 0.00300411083344035, 0.00300411083344035
0.00300411083344035, 0.00620871117915178, 0.0128317817295637
0.00300411083344035, 0.0128317817295637, 0.0548097695072726

0.00300411083344035, 0.00300411083344035, 0.00300411083344035
0.00300411083344035, 0.00300411083344035, 0.00300411083344035
0.00300411083344035, 0.00300411083344035, 0.00300411083344035

0.00300411083344035, 0.00300411083344035, 0.00300411083344035
0.00300411083344035, 0.00620871117915178, 0.0128317817295637
0.00300411083344035, 0.0128317817295637, 0.0548097695072726

0.00300411083344035, 0.00300411083344035, 0.00300411083344035
0.00300411083344035, 0.0128317817295637, 0.0548097695072726
0.00300411083344035, 0.0548097695072726, 1.00000000000000
 