Attribute names:	P0	P1	P2	P3
Minor allele frequencies:	0.050	0.050	0.050	0.050
x: 0.000135534811418574
y: 7377.17826677519
Prevalence: 0.000225891352364290
Heritability: 0.400000000000000

Table:

0.000135534811418574, 0.000135534811418574, 0.000135534811418574
0.000135534811418574, 0.000135534811418574, 0.000135534811418574
0.000135534811418574, 0.000135534811418574, 0.000135534811418574

0.000135534811418574, 0.000135534811418574, 0.000135534811418574
0.000135534811418574, 0.000135534811418574, 0.000135534811418574
0.000135534811418574, 0.000135534811418574, 0.000135534811418574

0.000135534811418574, 0.000135534811418574, 0.000135534811418574
0.000135534811418574, 0.000135534811418574, 0.000135534811418574
0.000135534811418574, 0.000135534811418574, 0.000135534811418574

0.000135534811418574, 0.000135534811418574, 0.000135534811418574
0.000135534811418574, 0.000135534811418574, 0.000135534811418574
0.000135534811418574, 0.000135534811418574, 0.000135534811418574

0.000135534811418574, 0.000135534811418574, 0.000135534811418574
0.000135534811418574, 1.00000000000000, 1.00000000000000
0.000135534811418574, 1.00000000000000, 1.00000000000000

0.000135534811418574, 0.000135534811418574, 0.000135534811418574
0.000135534811418574, 1.00000000000000, 1.00000000000000
0.000135534811418574, 1.00000000000000, 1.00000000000000

0.000135534811418574, 0.000135534811418574, 0.000135534811418574
0.000135534811418574, 0.000135534811418574, 0.000135534811418574
0.000135534811418574, 0.000135534811418574, 0.000135534811418574

0.000135534811418574, 0.000135534811418574, 0.000135534811418574
0.000135534811418574, 1.00000000000000, 1.00000000000000
0.000135534811418574, 1.00000000000000, 1.00000000000000

0.000135534811418574, 0.000135534811418574, 0.000135534811418574
0.000135534811418574, 1.00000000000000, 1.00000000000000
0.000135534811418574, 1.00000000000000, 1.00000000000000
 