Attribute names:	P0	P1	P2	P3
Minor allele frequencies:	0.500	0.500	0.500	0.500
x: 0.857381615598886
y: 0.166341780376868
Prevalence: 0.902506963788301
Heritability: 0.0500000000000000

Table:

0.857381615598886, 0.857381615598886, 0.857381615598886
0.857381615598886, 0.857381615598886, 0.857381615598886
0.857381615598886, 0.857381615598886, 0.857381615598886

0.857381615598886, 0.857381615598886, 0.857381615598886
0.857381615598886, 0.857381615598886, 0.857381615598886
0.857381615598886, 0.857381615598886, 0.857381615598886

0.857381615598886, 0.857381615598886, 0.857381615598886
0.857381615598886, 0.857381615598886, 0.857381615598886
0.857381615598886, 0.857381615598886, 0.857381615598886

0.857381615598886, 0.857381615598886, 0.857381615598886
0.857381615598886, 0.857381615598886, 0.857381615598886
0.857381615598886, 0.857381615598886, 0.857381615598886

0.857381615598886, 0.857381615598886, 0.857381615598886
0.857381615598886, 1.00000000000000, 1.00000000000000
0.857381615598886, 1.00000000000000, 1.00000000000000

0.857381615598886, 0.857381615598886, 0.857381615598886
0.857381615598886, 1.00000000000000, 1.00000000000000
0.857381615598886, 1.00000000000000, 1.00000000000000

0.857381615598886, 0.857381615598886, 0.857381615598886
0.857381615598886, 0.857381615598886, 0.857381615598886
0.857381615598886, 0.857381615598886, 0.857381615598886

0.857381615598886, 0.857381615598886, 0.857381615598886
0.857381615598886, 1.00000000000000, 1.00000000000000
0.857381615598886, 1.00000000000000, 1.00000000000000

0.857381615598886, 0.857381615598886, 0.857381615598886
0.857381615598886, 1.00000000000000, 1.00000000000000
0.857381615598886, 1.00000000000000, 1.00000000000000
 