Attribute names:	P0	P1	P2
Minor allele frequencies:	0.200	0.200	0.200
x: 0.0654065855190358
y: 14.2889803383631
Prevalence: 0.109010975865060
Heritability: 0.400000000000000

Table:

0.0654065855190358, 0.0654065855190358, 0.0654065855190358
0.0654065855190358, 0.0654065855190358, 0.0654065855190358
0.0654065855190358, 0.0654065855190358, 0.0654065855190358

0.0654065855190358, 0.0654065855190358, 0.0654065855190358
0.0654065855190358, 1.00000000000000, 1.00000000000000
0.0654065855190358, 1.00000000000000, 1.00000000000000

0.0654065855190358, 0.0654065855190358, 0.0654065855190358
0.0654065855190358, 1.00000000000000, 1.00000000000000
0.0654065855190358, 1.00000000000000, 1.00000000000000
 