Attribute names:	P0	P1	P2
Minor allele frequencies:	0.500	0.500	0.500
x: 0.889081455805893
y: 0.124756335282651
Prevalence: 0.935875216637782
Heritability: 0.0500000000000000

Table:

0.889081455805893, 0.889081455805893, 0.889081455805893
0.889081455805893, 0.889081455805893, 0.889081455805893
0.889081455805893, 0.889081455805893, 0.889081455805893

0.889081455805893, 0.889081455805893, 0.889081455805893
0.889081455805893, 1.00000000000000, 1.00000000000000
0.889081455805893, 1.00000000000000, 1.00000000000000

0.889081455805893, 0.889081455805893, 0.889081455805893
0.889081455805893, 1.00000000000000, 1.00000000000000
0.889081455805893, 1.00000000000000, 1.00000000000000
 