Attribute names:	P0	P1	P2	P3
Minor allele frequencies:	0.050	0.050	0.050	0.050
x: 0.00886717980336577
y: 111.775428284473
Prevalence: 0.00895674727612704
Heritability: 0.0100000000000000

Table:

0.00886717980336577, 0.00886717980336577, 0.00886717980336577
0.00886717980336577, 0.00886717980336577, 0.00886717980336577
0.00886717980336577, 0.00886717980336577, 0.00886717980336577

0.00886717980336577, 0.00886717980336577, 0.00886717980336577
0.00886717980336577, 0.00886717980336577, 0.00886717980336577
0.00886717980336577, 0.00886717980336577, 0.00886717980336577

0.00886717980336577, 0.00886717980336577, 0.00886717980336577
0.00886717980336577, 0.00886717980336577, 0.00886717980336577
0.00886717980336577, 0.00886717980336577, 0.00886717980336577

0.00886717980336577, 0.00886717980336577, 0.00886717980336577
0.00886717980336577, 0.00886717980336577, 0.00886717980336577
0.00886717980336577, 0.00886717980336577, 0.00886717980336577

0.00886717980336577, 0.00886717980336577, 0.00886717980336577
0.00886717980336577, 1.00000000000000, 1.00000000000000
0.00886717980336577, 1.00000000000000, 1.00000000000000

0.00886717980336577, 0.00886717980336577, 0.00886717980336577
0.00886717980336577, 1.00000000000000, 1.00000000000000
0.00886717980336577, 1.00000000000000, 1.00000000000000

0.00886717980336577, 0.00886717980336577, 0.00886717980336577
0.00886717980336577, 0.00886717980336577, 0.00886717980336577
0.00886717980336577, 0.00886717980336577, 0.00886717980336577

0.00886717980336577, 0.00886717980336577, 0.00886717980336577
0.00886717980336577, 1.00000000000000, 1.00000000000000
0.00886717980336577, 1.00000000000000, 1.00000000000000

0.00886717980336577, 0.00886717980336577, 0.00886717980336577
0.00886717980336577, 1.00000000000000, 1.00000000000000
0.00886717980336577, 1.00000000000000, 1.00000000000000
 