Attribute names:	P0	P1	P2
Minor allele frequencies:	0.050	0.050	0.050
x: 0.0173055713353931
y: 56.7848590271512
Prevalence: 0.0182163908793612
Heritability: 0.0500000000000000

Table:

0.0173055713353931, 0.0173055713353931, 0.0173055713353931
0.0173055713353931, 0.0173055713353931, 0.0173055713353931
0.0173055713353931, 0.0173055713353931, 0.0173055713353931

0.0173055713353931, 0.0173055713353931, 0.0173055713353931
0.0173055713353931, 1.00000000000000, 1.00000000000000
0.0173055713353931, 1.00000000000000, 1.00000000000000

0.0173055713353931, 0.0173055713353931, 0.0173055713353931
0.0173055713353931, 1.00000000000000, 1.00000000000000
0.0173055713353931, 1.00000000000000, 1.00000000000000
 