Attribute names:	P0	P1	P2
Minor allele frequencies:	0.050	0.050	0.050
x: 0.0840470026432829
y: 10.8981042577361
Prevalence: 0.0848959622659423
Heritability: 0.0100000000000000

Table:

0.0840470026432829, 0.0840470026432829, 0.0840470026432829
0.0840470026432829, 0.0840470026432829, 0.0840470026432829
0.0840470026432829, 0.0840470026432829, 0.0840470026432829

0.0840470026432829, 0.0840470026432829, 0.0840470026432829
0.0840470026432829, 1.00000000000000, 1.00000000000000
0.0840470026432829, 1.00000000000000, 1.00000000000000

0.0840470026432829, 0.0840470026432829, 0.0840470026432829
0.0840470026432829, 1.00000000000000, 1.00000000000000
0.0840470026432829, 1.00000000000000, 1.00000000000000
 