Attribute names:	P0	P1	P2	P3
Minor allele frequencies:	0.200	0.200	0.200	0.200
x: 0.624458258505389
y: 0.601388061378916
Prevalence: 0.630765917682211
Heritability: 0.0100000000000000

Table:

0.624458258505389, 0.624458258505389, 0.624458258505389
0.624458258505389, 0.624458258505389, 0.624458258505389
0.624458258505389, 0.624458258505389, 0.624458258505389

0.624458258505389, 0.624458258505389, 0.624458258505389
0.624458258505389, 0.624458258505389, 0.624458258505389
0.624458258505389, 0.624458258505389, 0.624458258505389

0.624458258505389, 0.624458258505389, 0.624458258505389
0.624458258505389, 0.624458258505389, 0.624458258505389
0.624458258505389, 0.624458258505389, 0.624458258505389

0.624458258505389, 0.624458258505389, 0.624458258505389
0.624458258505389, 0.624458258505389, 0.624458258505389
0.624458258505389, 0.624458258505389, 0.624458258505389

0.624458258505389, 0.624458258505389, 0.624458258505389
0.624458258505389, 1.00000000000000, 1.00000000000000
0.624458258505389, 1.00000000000000, 1.00000000000000

0.624458258505389, 0.624458258505389, 0.624458258505389
0.624458258505389, 1.00000000000000, 1.00000000000000
0.624458258505389, 1.00000000000000, 1.00000000000000

0.624458258505389, 0.624458258505389, 0.624458258505389
0.624458258505389, 0.624458258505389, 0.624458258505389
0.624458258505389, 0.624458258505389, 0.624458258505389

0.624458258505389, 0.624458258505389, 0.624458258505389
0.624458258505389, 1.00000000000000, 1.00000000000000
0.624458258505389, 1.00000000000000, 1.00000000000000

0.624458258505389, 0.624458258505389, 0.624458258505389
0.624458258505389, 1.00000000000000, 1.00000000000000
0.624458258505389, 1.00000000000000, 1.00000000000000
 