Attribute names:	P0	P1	P2
Minor allele frequencies:	0.200	0.200	0.200
x: 0.157273070492422
y: 5.35836762688615
Prevalence: 0.196591338115528
Heritability: 0.200000000000000

Table:

0.157273070492422, 0.157273070492422, 0.157273070492422
0.157273070492422, 0.157273070492422, 0.157273070492422
0.157273070492422, 0.157273070492422, 0.157273070492422

0.157273070492422, 0.157273070492422, 0.157273070492422
0.157273070492422, 1.00000000000000, 1.00000000000000
0.157273070492422, 1.00000000000000, 1.00000000000000

0.157273070492422, 0.157273070492422, 0.157273070492422
0.157273070492422, 1.00000000000000, 1.00000000000000
0.157273070492422, 1.00000000000000, 1.00000000000000
 