Attribute names:	P0	P1	P2
Minor allele frequencies:	0.100	0.100	0.100
x: 0.0267033664383962
y: 36.4484618749089
Prevalence: 0.0333792080479952
Heritability: 0.200000000000000

Table:

0.0267033664383962, 0.0267033664383962, 0.0267033664383962
0.0267033664383962, 0.0267033664383962, 0.0267033664383962
0.0267033664383962, 0.0267033664383962, 0.0267033664383962

0.0267033664383962, 0.0267033664383962, 0.0267033664383962
0.0267033664383962, 1.00000000000000, 1.00000000000000
0.0267033664383962, 1.00000000000000, 1.00000000000000

0.0267033664383962, 0.0267033664383962, 0.0267033664383962
0.0267033664383962, 1.00000000000000, 1.00000000000000
0.0267033664383962, 1.00000000000000, 1.00000000000000
 