Attribute names:	P0	P1	P2	P3
Minor allele frequencies:	0.100	0.100	0.100	0.100
x: 0.0241626976842668
y: 40.3861073406193
Prevalence: 0.0254344186150177
Heritability: 0.0500000000000000

Table:

0.0241626976842668, 0.0241626976842668, 0.0241626976842668
0.0241626976842668, 0.0241626976842668, 0.0241626976842668
0.0241626976842668, 0.0241626976842668, 0.0241626976842668

0.0241626976842668, 0.0241626976842668, 0.0241626976842668
0.0241626976842668, 0.0241626976842668, 0.0241626976842668
0.0241626976842668, 0.0241626976842668, 0.0241626976842668

0.0241626976842668, 0.0241626976842668, 0.0241626976842668
0.0241626976842668, 0.0241626976842668, 0.0241626976842668
0.0241626976842668, 0.0241626976842668, 0.0241626976842668

0.0241626976842668, 0.0241626976842668, 0.0241626976842668
0.0241626976842668, 0.0241626976842668, 0.0241626976842668
0.0241626976842668, 0.0241626976842668, 0.0241626976842668

0.0241626976842668, 0.0241626976842668, 0.0241626976842668
0.0241626976842668, 1.00000000000000, 1.00000000000000
0.0241626976842668, 1.00000000000000, 1.00000000000000

0.0241626976842668, 0.0241626976842668, 0.0241626976842668
0.0241626976842668, 1.00000000000000, 1.00000000000000
0.0241626976842668, 1.00000000000000, 1.00000000000000

0.0241626976842668, 0.0241626976842668, 0.0241626976842668
0.0241626976842668, 0.0241626976842668, 0.0241626976842668
0.0241626976842668, 0.0241626976842668, 0.0241626976842668

0.0241626976842668, 0.0241626976842668, 0.0241626976842668
0.0241626976842668, 1.00000000000000, 1.00000000000000
0.0241626976842668, 1.00000000000000, 1.00000000000000

0.0241626976842668, 0.0241626976842668, 0.0241626976842668
0.0241626976842668, 1.00000000000000, 1.00000000000000
0.0241626976842668, 1.00000000000000, 1.00000000000000
 