Attribute names:	P0	P1	P2
Minor allele frequencies:	0.500	0.500	0.500
x: 0.976616733649982
y: 0.0239431350542462
Prevalence: 0.986481549141396
Heritability: 0.0100000000000000

Table:

0.976616733649982, 0.976616733649982, 0.976616733649982
0.976616733649982, 0.976616733649982, 0.976616733649982
0.976616733649982, 0.976616733649982, 0.976616733649982

0.976616733649982, 0.976616733649982, 0.976616733649982
0.976616733649982, 1.00000000000000, 1.00000000000000
0.976616733649982, 1.00000000000000, 1.00000000000000

0.976616733649982, 0.976616733649982, 0.976616733649982
0.976616733649982, 1.00000000000000, 1.00000000000000
0.976616733649982, 1.00000000000000, 1.00000000000000
 