Attribute names:	P0	P1	P2
Minor allele frequencies:	0.100	0.100	0.100
x: 0.115295566480672
y: 7.67336039471766
Prevalence: 0.121363754190181
Heritability: 0.0500000000000000

Table:

0.115295566480672, 0.115295566480672, 0.115295566480672
0.115295566480672, 0.115295566480672, 0.115295566480672
0.115295566480672, 0.115295566480672, 0.115295566480672

0.115295566480672, 0.115295566480672, 0.115295566480672
0.115295566480672, 1.00000000000000, 1.00000000000000
0.115295566480672, 1.00000000000000, 1.00000000000000

0.115295566480672, 0.115295566480672, 0.115295566480672
0.115295566480672, 1.00000000000000, 1.00000000000000
0.115295566480672, 1.00000000000000, 1.00000000000000
 