Attribute names:	P0	P1	P2	P3
Minor allele frequencies:	0.050	0.050	0.050	0.050
x: 0.000361344539176241
y: 2766.44185004070
Prevalence: 0.000451680673970301
Heritability: 0.200000000000000

Table:

0.000361344539176241, 0.000361344539176241, 0.000361344539176241
0.000361344539176241, 0.000361344539176241, 0.000361344539176241
0.000361344539176241, 0.000361344539176241, 0.000361344539176241

0.000361344539176241, 0.000361344539176241, 0.000361344539176241
0.000361344539176241, 0.000361344539176241, 0.000361344539176241
0.000361344539176241, 0.000361344539176241, 0.000361344539176241

0.000361344539176241, 0.000361344539176241, 0.000361344539176241
0.000361344539176241, 0.000361344539176241, 0.000361344539176241
0.000361344539176241, 0.000361344539176241, 0.000361344539176241

0.000361344539176241, 0.000361344539176241, 0.000361344539176241
0.000361344539176241, 0.000361344539176241, 0.000361344539176241
0.000361344539176241, 0.000361344539176241, 0.000361344539176241

0.000361344539176241, 0.000361344539176241, 0.000361344539176241
0.000361344539176241, 1.00000000000000, 1.00000000000000
0.000361344539176241, 1.00000000000000, 1.00000000000000

0.000361344539176241, 0.000361344539176241, 0.000361344539176241
0.000361344539176241, 1.00000000000000, 1.00000000000000
0.000361344539176241, 1.00000000000000, 1.00000000000000

0.000361344539176241, 0.000361344539176241, 0.000361344539176241
0.000361344539176241, 0.000361344539176241, 0.000361344539176241
0.000361344539176241, 0.000361344539176241, 0.000361344539176241

0.000361344539176241, 0.000361344539176241, 0.000361344539176241
0.000361344539176241, 1.00000000000000, 1.00000000000000
0.000361344539176241, 1.00000000000000, 1.00000000000000

0.000361344539176241, 0.000361344539176241, 0.000361344539176241
0.000361344539176241, 1.00000000000000, 1.00000000000000
0.000361344539176241, 1.00000000000000, 1.00000000000000
 