Attribute names:	P0	P1	P2	P3
Minor allele frequencies:	0.500	0.500	0.500	0.500
x: 0.969063444108761
y: 0.0319241800723282
Prevalence: 0.978851963746223
Heritability: 0.0100000000000000

Table:

0.969063444108761, 0.969063444108761, 0.969063444108761
0.969063444108761, 0.969063444108761, 0.969063444108761
0.969063444108761, 0.969063444108761, 0.969063444108761

0.969063444108761, 0.969063444108761, 0.969063444108761
0.969063444108761, 0.969063444108761, 0.969063444108761
0.969063444108761, 0.969063444108761, 0.969063444108761

0.969063444108761, 0.969063444108761, 0.969063444108761
0.969063444108761, 0.969063444108761, 0.969063444108761
0.969063444108761, 0.969063444108761, 0.969063444108761

0.969063444108761, 0.969063444108761, 0.969063444108761
0.969063444108761, 0.969063444108761, 0.969063444108761
0.969063444108761, 0.969063444108761, 0.969063444108761

0.969063444108761, 0.969063444108761, 0.969063444108761
0.969063444108761, 1.00000000000000, 1.00000000000000
0.969063444108761, 1.00000000000000, 1.00000000000000

0.969063444108761, 0.969063444108761, 0.969063444108761
0.969063444108761, 1.00000000000000, 1.00000000000000
0.969063444108761, 1.00000000000000, 1.00000000000000

0.969063444108761, 0.969063444108761, 0.969063444108761
0.969063444108761, 0.969063444108761, 0.969063444108761
0.969063444108761, 0.969063444108761, 0.969063444108761

0.969063444108761, 0.969063444108761, 0.969063444108761
0.969063444108761, 1.00000000000000, 1.00000000000000
0.969063444108761, 1.00000000000000, 1.00000000000000

0.969063444108761, 0.969063444108761, 0.969063444108761
0.969063444108761, 1.00000000000000, 1.00000000000000
0.969063444108761, 1.00000000000000, 1.00000000000000
 