Attribute names:	P0	P1	P2
Minor allele frequencies:	0.500	0.500	0.500
x: 0.627906976744186
y: 0.592592592592593
Prevalence: 0.784883720930233
Heritability: 0.200000000000000

Table:

0.627906976744186, 0.627906976744186, 0.627906976744186
0.627906976744186, 0.627906976744186, 0.627906976744186
0.627906976744186, 0.627906976744186, 0.627906976744186

0.627906976744186, 0.627906976744186, 0.627906976744186
0.627906976744186, 1.00000000000000, 1.00000000000000
0.627906976744186, 1.00000000000000, 1.00000000000000

0.627906976744186, 0.627906976744186, 0.627906976744186
0.627906976744186, 1.00000000000000, 1.00000000000000
0.627906976744186, 1.00000000000000, 1.00000000000000
 