Attribute names:	P0	P1	P2	P3
Minor allele frequencies:	0.200	0.200	0.200	0.200
x: 0.0245750893021014
y: 39.6916120510085
Prevalence: 0.0409584821701690
Heritability: 0.400000000000000

Table:

0.0245750893021014, 0.0245750893021014, 0.0245750893021014
0.0245750893021014, 0.0245750893021014, 0.0245750893021014
0.0245750893021014, 0.0245750893021014, 0.0245750893021014

0.0245750893021014, 0.0245750893021014, 0.0245750893021014
0.0245750893021014, 0.0245750893021014, 0.0245750893021014
0.0245750893021014, 0.0245750893021014, 0.0245750893021014

0.0245750893021014, 0.0245750893021014, 0.0245750893021014
0.0245750893021014, 0.0245750893021014, 0.0245750893021014
0.0245750893021014, 0.0245750893021014, 0.0245750893021014

0.0245750893021014, 0.0245750893021014, 0.0245750893021014
0.0245750893021014, 0.0245750893021014, 0.0245750893021014
0.0245750893021014, 0.0245750893021014, 0.0245750893021014

0.0245750893021014, 0.0245750893021014, 0.0245750893021014
0.0245750893021014, 1.00000000000000, 1.00000000000000
0.0245750893021014, 1.00000000000000, 1.00000000000000

0.0245750893021014, 0.0245750893021014, 0.0245750893021014
0.0245750893021014, 1.00000000000000, 1.00000000000000
0.0245750893021014, 1.00000000000000, 1.00000000000000

0.0245750893021014, 0.0245750893021014, 0.0245750893021014
0.0245750893021014, 0.0245750893021014, 0.0245750893021014
0.0245750893021014, 0.0245750893021014, 0.0245750893021014

0.0245750893021014, 0.0245750893021014, 0.0245750893021014
0.0245750893021014, 1.00000000000000, 1.00000000000000
0.0245750893021014, 1.00000000000000, 1.00000000000000

0.0245750893021014, 0.0245750893021014, 0.0245750893021014
0.0245750893021014, 1.00000000000000, 1.00000000000000
0.0245750893021014, 1.00000000000000, 1.00000000000000
 