Attribute names:	P0	P1	P2	P3
Minor allele frequencies:	0.200	0.200	0.200	0.200
x: 0.0629550290378992
y: 14.8843545191282
Prevalence: 0.0786937862973740
Heritability: 0.200000000000000

Table:

0.0629550290378992, 0.0629550290378992, 0.0629550290378992
0.0629550290378992, 0.0629550290378992, 0.0629550290378992
0.0629550290378992, 0.0629550290378992, 0.0629550290378992

0.0629550290378992, 0.0629550290378992, 0.0629550290378992
0.0629550290378992, 0.0629550290378992, 0.0629550290378992
0.0629550290378992, 0.0629550290378992, 0.0629550290378992

0.0629550290378992, 0.0629550290378992, 0.0629550290378992
0.0629550290378992, 0.0629550290378992, 0.0629550290378992
0.0629550290378992, 0.0629550290378992, 0.0629550290378992

0.0629550290378992, 0.0629550290378992, 0.0629550290378992
0.0629550290378992, 0.0629550290378992, 0.0629550290378992
0.0629550290378992, 0.0629550290378992, 0.0629550290378992

0.0629550290378992, 0.0629550290378992, 0.0629550290378992
0.0629550290378992, 1.00000000000000, 1.00000000000000
0.0629550290378992, 1.00000000000000, 1.00000000000000

0.0629550290378992, 0.0629550290378992, 0.0629550290378992
0.0629550290378992, 1.00000000000000, 1.00000000000000
0.0629550290378992, 1.00000000000000, 1.00000000000000

0.0629550290378992, 0.0629550290378992, 0.0629550290378992
0.0629550290378992, 0.0629550290378992, 0.0629550290378992
0.0629550290378992, 0.0629550290378992, 0.0629550290378992

0.0629550290378992, 0.0629550290378992, 0.0629550290378992
0.0629550290378992, 1.00000000000000, 1.00000000000000
0.0629550290378992, 1.00000000000000, 1.00000000000000

0.0629550290378992, 0.0629550290378992, 0.0629550290378992
0.0629550290378992, 1.00000000000000, 1.00000000000000
0.0629550290378992, 1.00000000000000, 1.00000000000000
 