Attribute names:	P0	P1	P2	P3
Minor allele frequencies:	0.200	0.200	0.200	0.200
x: 0.241922900769284
y: 3.13354831981646
Prevalence: 0.254655685020299
Heritability: 0.0500000000000000

Table:

0.241922900769284, 0.241922900769284, 0.241922900769284
0.241922900769284, 0.241922900769284, 0.241922900769284
0.241922900769284, 0.241922900769284, 0.241922900769284

0.241922900769284, 0.241922900769284, 0.241922900769284
0.241922900769284, 0.241922900769284, 0.241922900769284
0.241922900769284, 0.241922900769284, 0.241922900769284

0.241922900769284, 0.241922900769284, 0.241922900769284
0.241922900769284, 0.241922900769284, 0.241922900769284
0.241922900769284, 0.241922900769284, 0.241922900769284

0.241922900769284, 0.241922900769284, 0.241922900769284
0.241922900769284, 0.241922900769284, 0.241922900769284
0.241922900769284, 0.241922900769284, 0.241922900769284

0.241922900769284, 0.241922900769284, 0.241922900769284
0.241922900769284, 1.00000000000000, 1.00000000000000
0.241922900769284, 1.00000000000000, 1.00000000000000

0.241922900769284, 0.241922900769284, 0.241922900769284
0.241922900769284, 1.00000000000000, 1.00000000000000
0.241922900769284, 1.00000000000000, 1.00000000000000

0.241922900769284, 0.241922900769284, 0.241922900769284
0.241922900769284, 0.241922900769284, 0.241922900769284
0.241922900769284, 0.241922900769284, 0.241922900769284

0.241922900769284, 0.241922900769284, 0.241922900769284
0.241922900769284, 1.00000000000000, 1.00000000000000
0.241922900769284, 1.00000000000000, 1.00000000000000

0.241922900769284, 0.241922900769284, 0.241922900769284
0.241922900769284, 1.00000000000000, 1.00000000000000
0.241922900769284, 1.00000000000000, 1.00000000000000
 