Attribute names:	P0	P1	P2
Minor allele frequencies:	0.050	0.050	0.050
x: 0.00138835884238660
y: 719.274881010581
Prevalence: 0.00231393140397767
Heritability: 0.400000000000000

Table:

0.00138835884238660, 0.00138835884238660, 0.00138835884238660
0.00138835884238660, 0.00138835884238660, 0.00138835884238660
0.00138835884238660, 0.00138835884238660, 0.00138835884238660

0.00138835884238660, 0.00138835884238660, 0.00138835884238660
0.00138835884238660, 1.00000000000000, 1.00000000000000
0.00138835884238660, 1.00000000000000, 1.00000000000000

0.00138835884238660, 0.00138835884238660, 0.00138835884238660
0.00138835884238660, 1.00000000000000, 1.00000000000000
0.00138835884238660, 1.00000000000000, 1.00000000000000
 