Attribute names:	P0	P1	P2	P3
Minor allele frequencies:	0.100	0.100	0.100	0.100
x: 0.00518580721670845
y: 191.834009867942
Prevalence: 0.00648225902088556
Heritability: 0.200000000000000

Table:

0.00518580721670845, 0.00518580721670845, 0.00518580721670845
0.00518580721670845, 0.00518580721670845, 0.00518580721670845
0.00518580721670845, 0.00518580721670845, 0.00518580721670845

0.00518580721670845, 0.00518580721670845, 0.00518580721670845
0.00518580721670845, 0.00518580721670845, 0.00518580721670845
0.00518580721670845, 0.00518580721670845, 0.00518580721670845

0.00518580721670845, 0.00518580721670845, 0.00518580721670845
0.00518580721670845, 0.00518580721670845, 0.00518580721670845
0.00518580721670845, 0.00518580721670845, 0.00518580721670845

0.00518580721670845, 0.00518580721670845, 0.00518580721670845
0.00518580721670845, 0.00518580721670845, 0.00518580721670845
0.00518580721670845, 0.00518580721670845, 0.00518580721670845

0.00518580721670845, 0.00518580721670845, 0.00518580721670845
0.00518580721670845, 1.00000000000000, 1.00000000000000
0.00518580721670845, 1.00000000000000, 1.00000000000000

0.00518580721670845, 0.00518580721670845, 0.00518580721670845
0.00518580721670845, 1.00000000000000, 1.00000000000000
0.00518580721670845, 1.00000000000000, 1.00000000000000

0.00518580721670845, 0.00518580721670845, 0.00518580721670845
0.00518580721670845, 0.00518580721670845, 0.00518580721670845
0.00518580721670845, 0.00518580721670845, 0.00518580721670845

0.00518580721670845, 0.00518580721670845, 0.00518580721670845
0.00518580721670845, 1.00000000000000, 1.00000000000000
0.00518580721670845, 1.00000000000000, 1.00000000000000

0.00518580721670845, 0.00518580721670845, 0.00518580721670845
0.00518580721670845, 1.00000000000000, 1.00000000000000
0.00518580721670845, 1.00000000000000, 1.00000000000000
 