Attribute names:	P0	P1	P2	P3
Minor allele frequencies:	0.050	0.050	0.050	0.050
x: 0.00171406393243046
y: 582.408810534884
Prevalence: 0.00180427782361101
Heritability: 0.0500000000000000

Table:

0.00171406393243046, 0.00171406393243046, 0.00171406393243046
0.00171406393243046, 0.00171406393243046, 0.00171406393243046
0.00171406393243046, 0.00171406393243046, 0.00171406393243046

0.00171406393243046, 0.00171406393243046, 0.00171406393243046
0.00171406393243046, 0.00171406393243046, 0.00171406393243046
0.00171406393243046, 0.00171406393243046, 0.00171406393243046

0.00171406393243046, 0.00171406393243046, 0.00171406393243046
0.00171406393243046, 0.00171406393243046, 0.00171406393243046
0.00171406393243046, 0.00171406393243046, 0.00171406393243046

0.00171406393243046, 0.00171406393243046, 0.00171406393243046
0.00171406393243046, 0.00171406393243046, 0.00171406393243046
0.00171406393243046, 0.00171406393243046, 0.00171406393243046

0.00171406393243046, 0.00171406393243046, 0.00171406393243046
0.00171406393243046, 1.00000000000000, 1.00000000000000
0.00171406393243046, 1.00000000000000, 1.00000000000000

0.00171406393243046, 0.00171406393243046, 0.00171406393243046
0.00171406393243046, 1.00000000000000, 1.00000000000000
0.00171406393243046, 1.00000000000000, 1.00000000000000

0.00171406393243046, 0.00171406393243046, 0.00171406393243046
0.00171406393243046, 0.00171406393243046, 0.00171406393243046
0.00171406393243046, 0.00171406393243046, 0.00171406393243046

0.00171406393243046, 0.00171406393243046, 0.00171406393243046
0.00171406393243046, 1.00000000000000, 1.00000000000000
0.00171406393243046, 1.00000000000000, 1.00000000000000

0.00171406393243046, 0.00171406393243046, 0.00171406393243046
0.00171406393243046, 1.00000000000000, 1.00000000000000
0.00171406393243046, 1.00000000000000, 1.00000000000000
 