Attribute names:	P0	P1	P2
Minor allele frequencies:	0.100	0.100	0.100
x: 0.404421928946345
y: 1.47266512625894
Prevalence: 0.408506998935702
Heritability: 0.0100000000000000

Table:

0.404421928946345, 0.404421928946345, 0.404421928946345
0.404421928946345, 0.404421928946345, 0.404421928946345
0.404421928946345, 0.404421928946345, 0.404421928946345

0.404421928946345, 0.404421928946345, 0.404421928946345
0.404421928946345, 1.00000000000000, 1.00000000000000
0.404421928946345, 1.00000000000000, 1.00000000000000

0.404421928946345, 0.404421928946345, 0.404421928946345
0.404421928946345, 1.00000000000000, 1.00000000000000
0.404421928946345, 1.00000000000000, 1.00000000000000
 