Attribute names:	P0	P1	P2
Minor allele frequencies:	0.500	0.500	0.500
x: 0.387559808612440
y: 1.58024691358025
Prevalence: 0.645933014354067
Heritability: 0.400000000000000

Table:

0.387559808612440, 0.387559808612440, 0.387559808612440
0.387559808612440, 0.387559808612440, 0.387559808612440
0.387559808612440, 0.387559808612440, 0.387559808612440

0.387559808612440, 0.387559808612440, 0.387559808612440
0.387559808612440, 1.00000000000000, 1.00000000000000
0.387559808612440, 1.00000000000000, 1.00000000000000

0.387559808612440, 0.387559808612440, 0.387559808612440
0.387559808612440, 1.00000000000000, 1.00000000000000
0.387559808612440, 1.00000000000000, 1.00000000000000
 