Attribute names:	P0	P1	P2
Minor allele frequencies:	0.050	0.050	0.050
x: 0.00369374317802642
y: 269.728080378968
Prevalence: 0.00461717897253302
Heritability: 0.200000000000000

Table:

0.00369374317802642, 0.00369374317802642, 0.00369374317802642
0.00369374317802642, 0.00369374317802642, 0.00369374317802642
0.00369374317802642, 0.00369374317802642, 0.00369374317802642

0.00369374317802642, 0.00369374317802642, 0.00369374317802642
0.00369374317802642, 1.00000000000000, 1.00000000000000
0.00369374317802642, 1.00000000000000, 1.00000000000000

0.00369374317802642, 0.00369374317802642, 0.00369374317802642
0.00369374317802642, 1.00000000000000, 1.00000000000000
0.00369374317802642, 1.00000000000000, 1.00000000000000
 