Attribute names:	P0	P1	P2	P3
Minor allele frequencies:	0.100	0.100	0.100	0.100
x: 0.00195100115367977
y: 511.557359647844
Prevalence: 0.00325166858946628
Heritability: 0.400000000000000

Table:

0.00195100115367977, 0.00195100115367977, 0.00195100115367977
0.00195100115367977, 0.00195100115367977, 0.00195100115367977
0.00195100115367977, 0.00195100115367977, 0.00195100115367977

0.00195100115367977, 0.00195100115367977, 0.00195100115367977
0.00195100115367977, 0.00195100115367977, 0.00195100115367977
0.00195100115367977, 0.00195100115367977, 0.00195100115367977

0.00195100115367977, 0.00195100115367977, 0.00195100115367977
0.00195100115367977, 0.00195100115367977, 0.00195100115367977
0.00195100115367977, 0.00195100115367977, 0.00195100115367977

0.00195100115367977, 0.00195100115367977, 0.00195100115367977
0.00195100115367977, 0.00195100115367977, 0.00195100115367977
0.00195100115367977, 0.00195100115367977, 0.00195100115367977

0.00195100115367977, 0.00195100115367977, 0.00195100115367977
0.00195100115367977, 1.00000000000000, 1.00000000000000
0.00195100115367977, 1.00000000000000, 1.00000000000000

0.00195100115367977, 0.00195100115367977, 0.00195100115367977
0.00195100115367977, 1.00000000000000, 1.00000000000000
0.00195100115367977, 1.00000000000000, 1.00000000000000

0.00195100115367977, 0.00195100115367977, 0.00195100115367977
0.00195100115367977, 0.00195100115367977, 0.00195100115367977
0.00195100115367977, 0.00195100115367977, 0.00195100115367977

0.00195100115367977, 0.00195100115367977, 0.00195100115367977
0.00195100115367977, 1.00000000000000, 1.00000000000000
0.00195100115367977, 1.00000000000000, 1.00000000000000

0.00195100115367977, 0.00195100115367977, 0.00195100115367977
0.00195100115367977, 1.00000000000000, 1.00000000000000
0.00195100115367977, 1.00000000000000, 1.00000000000000
 