Attribute names:	P0	P1	P2
Minor allele frequencies:	0.200	0.200	0.200
x: 0.822030616428995
y: 0.216499702096410
Prevalence: 0.830333955988884
Heritability: 0.0100000000000000

Table:

0.822030616428995, 0.822030616428995, 0.822030616428995
0.822030616428995, 0.822030616428995, 0.822030616428995
0.822030616428995, 0.822030616428995, 0.822030616428995

0.822030616428995, 0.822030616428995, 0.822030616428995
0.822030616428995, 1.00000000000000, 1.00000000000000
0.822030616428995, 1.00000000000000, 1.00000000000000

0.822030616428995, 0.822030616428995, 0.822030616428995
0.822030616428995, 1.00000000000000, 1.00000000000000
0.822030616428995, 1.00000000000000, 1.00000000000000
 