Attribute names:	P0	P1	P2	P3
Minor allele frequencies:	0.100	0.100	0.100	0.100
x: 0.114274364091287
y: 7.75086908557339
Prevalence: 0.115428650597260
Heritability: 0.0100000000000000

Table:

0.114274364091287, 0.114274364091287, 0.114274364091287
0.114274364091287, 0.114274364091287, 0.114274364091287
0.114274364091287, 0.114274364091287, 0.114274364091287

0.114274364091287, 0.114274364091287, 0.114274364091287
0.114274364091287, 0.114274364091287, 0.114274364091287
0.114274364091287, 0.114274364091287, 0.114274364091287

0.114274364091287, 0.114274364091287, 0.114274364091287
0.114274364091287, 0.114274364091287, 0.114274364091287
0.114274364091287, 0.114274364091287, 0.114274364091287

0.114274364091287, 0.114274364091287, 0.114274364091287
0.114274364091287, 0.114274364091287, 0.114274364091287
0.114274364091287, 0.114274364091287, 0.114274364091287

0.114274364091287, 0.114274364091287, 0.114274364091287
0.114274364091287, 1.00000000000000, 1.00000000000000
0.114274364091287, 1.00000000000000, 1.00000000000000

0.114274364091287, 0.114274364091287, 0.114274364091287
0.114274364091287, 1.00000000000000, 1.00000000000000
0.114274364091287, 1.00000000000000, 1.00000000000000

0.114274364091287, 0.114274364091287, 0.114274364091287
0.114274364091287, 0.114274364091287, 0.114274364091287
0.114274364091287, 0.114274364091287, 0.114274364091287

0.114274364091287, 0.114274364091287, 0.114274364091287
0.114274364091287, 1.00000000000000, 1.00000000000000
0.114274364091287, 1.00000000000000, 1.00000000000000

0.114274364091287, 0.114274364091287, 0.114274364091287
0.114274364091287, 1.00000000000000, 1.00000000000000
0.114274364091287, 1.00000000000000, 1.00000000000000
 