Attribute names:	P0	P1	P2	P3
Minor allele frequencies:	0.500	0.500	0.500	0.500
x: 0.558620689655172
y: 0.790123456790123
Prevalence: 0.698275862068966
Heritability: 0.200000000000000

Table:

0.558620689655172, 0.558620689655172, 0.558620689655172
0.558620689655172, 0.558620689655172, 0.558620689655172
0.558620689655172, 0.558620689655172, 0.558620689655172

0.558620689655172, 0.558620689655172, 0.558620689655172
0.558620689655172, 0.558620689655172, 0.558620689655172
0.558620689655172, 0.558620689655172, 0.558620689655172

0.558620689655172, 0.558620689655172, 0.558620689655172
0.558620689655172, 0.558620689655172, 0.558620689655172
0.558620689655172, 0.558620689655172, 0.558620689655172

0.558620689655172, 0.558620689655172, 0.558620689655172
0.558620689655172, 0.558620689655172, 0.558620689655172
0.558620689655172, 0.558620689655172, 0.558620689655172

0.558620689655172, 0.558620689655172, 0.558620689655172
0.558620689655172, 1.00000000000000, 1.00000000000000
0.558620689655172, 1.00000000000000, 1.00000000000000

0.558620689655172, 0.558620689655172, 0.558620689655172
0.558620689655172, 1.00000000000000, 1.00000000000000
0.558620689655172, 1.00000000000000, 1.00000000000000

0.558620689655172, 0.558620689655172, 0.558620689655172
0.558620689655172, 0.558620689655172, 0.558620689655172
0.558620689655172, 0.558620689655172, 0.558620689655172

0.558620689655172, 0.558620689655172, 0.558620689655172
0.558620689655172, 1.00000000000000, 1.00000000000000
0.558620689655172, 1.00000000000000, 1.00000000000000

0.558620689655172, 0.558620689655172, 0.558620689655172
0.558620689655172, 1.00000000000000, 1.00000000000000
0.558620689655172, 1.00000000000000, 1.00000000000000
 