Attribute names:	P0	P1	P2
Minor allele frequencies:	0.200	0.200	0.200
x: 0.469907721536165
y: 1.12807739513393
Prevalence: 0.494639706880174
Heritability: 0.0500000000000000

Table:

0.469907721536165, 0.469907721536165, 0.469907721536165
0.469907721536165, 0.469907721536165, 0.469907721536165
0.469907721536165, 0.469907721536165, 0.469907721536165

0.469907721536165, 0.469907721536165, 0.469907721536165
0.469907721536165, 1.00000000000000, 1.00000000000000
0.469907721536165, 1.00000000000000, 1.00000000000000

0.469907721536165, 0.469907721536165, 0.469907721536165
0.469907721536165, 1.00000000000000, 1.00000000000000
0.469907721536165, 1.00000000000000, 1.00000000000000
 