Attribute names:	P0	P1	P2
Minor allele frequencies:	0.100	0.100	0.100
x: 0.0101837247479309
y: 97.1958983330904
Prevalence: 0.0169728745798848
Heritability: 0.400000000000000

Table:

0.0101837247479309, 0.0101837247479309, 0.0101837247479309
0.0101837247479309, 0.0101837247479309, 0.0101837247479309
0.0101837247479309, 0.0101837247479309, 0.0101837247479309

0.0101837247479309, 0.0101837247479309, 0.0101837247479309
0.0101837247479309, 1.00000000000000, 1.00000000000000
0.0101837247479309, 1.00000000000000, 1.00000000000000

0.0101837247479309, 0.0101837247479309, 0.0101837247479309
0.0101837247479309, 1.00000000000000, 1.00000000000000
0.0101837247479309, 1.00000000000000, 1.00000000000000
 