Attribute names:	P0	P1	P2	P3
Minor allele frequencies:	0.500	0.500	0.500	0.500
x: 0.321854304635762
y: 2.10699588477366
Prevalence: 0.536423841059603
Heritability: 0.400000000000000

Table:

0.321854304635762, 0.321854304635762, 0.321854304635762
0.321854304635762, 0.321854304635762, 0.321854304635762
0.321854304635762, 0.321854304635762, 0.321854304635762

0.321854304635762, 0.321854304635762, 0.321854304635762
0.321854304635762, 0.321854304635762, 0.321854304635762
0.321854304635762, 0.321854304635762, 0.321854304635762

0.321854304635762, 0.321854304635762, 0.321854304635762
0.321854304635762, 0.321854304635762, 0.321854304635762
0.321854304635762, 0.321854304635762, 0.321854304635762

0.321854304635762, 0.321854304635762, 0.321854304635762
0.321854304635762, 0.321854304635762, 0.321854304635762
0.321854304635762, 0.321854304635762, 0.321854304635762

0.321854304635762, 0.321854304635762, 0.321854304635762
0.321854304635762, 1.00000000000000, 1.00000000000000
0.321854304635762, 1.00000000000000, 1.00000000000000

0.321854304635762, 0.321854304635762, 0.321854304635762
0.321854304635762, 1.00000000000000, 1.00000000000000
0.321854304635762, 1.00000000000000, 1.00000000000000

0.321854304635762, 0.321854304635762, 0.321854304635762
0.321854304635762, 0.321854304635762, 0.321854304635762
0.321854304635762, 0.321854304635762, 0.321854304635762

0.321854304635762, 0.321854304635762, 0.321854304635762
0.321854304635762, 1.00000000000000, 1.00000000000000
0.321854304635762, 1.00000000000000, 1.00000000000000

0.321854304635762, 0.321854304635762, 0.321854304635762
0.321854304635762, 1.00000000000000, 1.00000000000000
0.321854304635762, 1.00000000000000, 1.00000000000000
 