Attribute names:	P0	P1	P2	P3	P4	P5
Minor allele frequencies:	0.500	0.500	0.500	0.500	0.500	0.500
x: 0.775422641189333
y: 0.0214218098489239
Prevalence: 0.881174448617228
Heritability: 0.0100000000000000

Table:

0.775422641189333, 0.792033597561441, 0.809000390682361
0.792033597561441, 0.809000390682361, 0.826330643219264
0.809000390682361, 0.826330643219264, 0.844032141130646

0.792033597561441, 0.809000390682361, 0.826330643219264
0.809000390682361, 0.826330643219264, 0.844032141130646
0.826330643219264, 0.844032141130646, 0.862112837164327

0.809000390682361, 0.826330643219264, 0.844032141130646
0.826330643219264, 0.844032141130646, 0.862112837164327
0.844032141130646, 0.862112837164327, 0.880580854430377

0.792033597561441, 0.809000390682361, 0.826330643219264
0.809000390682361, 0.826330643219264, 0.844032141130646
0.826330643219264, 0.844032141130646, 0.862112837164327

0.809000390682361, 0.826330643219264, 0.844032141130646
0.826330643219264, 0.844032141130646, 0.862112837164327
0.844032141130646, 0.862112837164327, 0.880580854430377

0.826330643219264, 0.844032141130646, 0.862112837164327
0.844032141130646, 0.862112837164327, 0.880580854430377
0.862112837164327, 0.880580854430377, 0.899444490050587

0.809000390682361, 0.826330643219264, 0.844032141130646
0.826330643219264, 0.844032141130646, 0.862112837164327
0.844032141130646, 0.862112837164327, 0.880580854430377

0.826330643219264, 0.844032141130646, 0.862112837164327
0.844032141130646, 0.862112837164327, 0.880580854430377
0.862112837164327, 0.880580854430377, 0.899444490050587

0.844032141130646, 0.862112837164327, 0.880580854430377
0.862112837164327, 0.880580854430377, 0.899444490050587
0.880580854430377, 0.899444490050587, 0.918712218886113

0.792033597561441, 0.809000390682361, 0.826330643219264
0.809000390682361, 0.826330643219264, 0.844032141130646
0.826330643219264, 0.844032141130646, 0.862112837164327

0.809000390682361, 0.826330643219264, 0.844032141130646
0.826330643219264, 0.844032141130646, 0.862112837164327
0.844032141130646, 0.862112837164327, 0.880580854430377

0.826330643219264, 0.844032141130646, 0.862112837164327
0.844032141130646, 0.862112837164327, 0.880580854430377
0.862112837164327, 0.880580854430377, 0.899444490050587

0.809000390682361, 0.826330643219264, 0.844032141130646
0.826330643219264, 0.844032141130646, 0.862112837164327
0.844032141130646, 0.862112837164327, 0.880580854430377

0.826330643219264, 0.844032141130646, 0.862112837164327
0.844032141130646, 0.862112837164327, 0.880580854430377
0.862112837164327, 0.880580854430377, 0.899444490050587

0.844032141130646, 0.862112837164327, 0.880580854430377
0.862112837164327, 0.880580854430377, 0.899444490050587
0.880580854430377, 0.899444490050587, 0.918712218886113

0.826330643219264, 0.844032141130646, 0.862112837164327
0.844032141130646, 0.862112837164327, 0.880580854430377
0.862112837164327, 0.880580854430377, 0.899444490050587

0.844032141130646, 0.862112837164327, 0.880580854430377
0.862112837164327, 0.880580854430377, 0.899444490050587
0.880580854430377, 0.899444490050587, 0.918712218886113

0.862112837164327, 0.880580854430377, 0.899444490050587
0.880580854430377, 0.899444490050587, 0.918712218886113
0.899444490050587, 0.918712218886113, 0.938392697344975

0.809000390682361, 0.826330643219264, 0.844032141130646
0.826330643219264, 0.844032141130646, 0.862112837164327
0.844032141130646, 0.862112837164327, 0.880580854430377

0.826330643219264, 0.844032141130646, 0.862112837164327
0.844032141130646, 0.862112837164327, 0.880580854430377
0.862112837164327, 0.880580854430377, 0.899444490050587

0.844032141130646, 0.862112837164327, 0.880580854430377
0.862112837164327, 0.880580854430377, 0.899444490050587
0.880580854430377, 0.899444490050587, 0.918712218886113

0.826330643219264, 0.844032141130646, 0.862112837164327
0.844032141130646, 0.862112837164327, 0.880580854430377
0.862112837164327, 0.880580854430377, 0.899444490050587

0.844032141130646, 0.862112837164327, 0.880580854430377
0.862112837164327, 0.880580854430377, 0.899444490050587
0.880580854430377, 0.899444490050587, 0.918712218886113

0.862112837164327, 0.880580854430377, 0.899444490050587
0.880580854430377, 0.899444490050587, 0.918712218886113
0.899444490050587, 0.918712218886113, 0.938392697344975

0.844032141130646, 0.862112837164327, 0.880580854430377
0.862112837164327, 0.880580854430377, 0.899444490050587
0.880580854430377, 0.899444490050587, 0.918712218886113

0.862112837164327, 0.880580854430377, 0.899444490050587
0.880580854430377, 0.899444490050587, 0.918712218886113
0.899444490050587, 0.918712218886113, 0.938392697344975

0.880580854430377, 0.899444490050587, 0.918712218886113
0.899444490050587, 0.918712218886113, 0.938392697344975
0.918712218886113, 0.938392697344975, 0.958494767271117

0.792033597561441, 0.809000390682361, 0.826330643219264
0.809000390682361, 0.826330643219264, 0.844032141130646
0.826330643219264, 0.844032141130646, 0.862112837164327

0.809000390682361, 0.826330643219264, 0.844032141130646
0.826330643219264, 0.844032141130646, 0.862112837164327
0.844032141130646, 0.862112837164327, 0.880580854430377

0.826330643219264, 0.844032141130646, 0.862112837164327
0.844032141130646, 0.862112837164327, 0.880580854430377
0.862112837164327, 0.880580854430377, 0.899444490050587

0.809000390682361, 0.826330643219264, 0.844032141130646
0.826330643219264, 0.844032141130646, 0.862112837164327
0.844032141130646, 0.862112837164327, 0.880580854430377

0.826330643219264, 0.844032141130646, 0.862112837164327
0.844032141130646, 0.862112837164327, 0.880580854430377
0.862112837164327, 0.880580854430377, 0.899444490050587

0.844032141130646, 0.862112837164327, 0.880580854430377
0.862112837164327, 0.880580854430377, 0.899444490050587
0.880580854430377, 0.899444490050587, 0.918712218886113

0.826330643219264, 0.844032141130646, 0.862112837164327
0.844032141130646, 0.862112837164327, 0.880580854430377
0.862112837164327, 0.880580854430377, 0.899444490050587

0.844032141130646, 0.862112837164327, 0.880580854430377
0.862112837164327, 0.880580854430377, 0.899444490050587
0.880580854430377, 0.899444490050587, 0.918712218886113

0.862112837164327, 0.880580854430377, 0.899444490050587
0.880580854430377, 0.899444490050587, 0.918712218886113
0.899444490050587, 0.918712218886113, 0.938392697344975

0.809000390682361, 0.826330643219264, 0.844032141130646
0.826330643219264, 0.844032141130646, 0.862112837164327
0.844032141130646, 0.862112837164327, 0.880580854430377

0.826330643219264, 0.844032141130646, 0.862112837164327
0.844032141130646, 0.862112837164327, 0.880580854430377
0.862112837164327, 0.880580854430377, 0.899444490050587

0.844032141130646, 0.862112837164327, 0.880580854430377
0.862112837164327, 0.880580854430377, 0.899444490050587
0.880580854430377, 0.899444490050587, 0.918712218886113

0.826330643219264, 0.844032141130646, 0.862112837164327
0.844032141130646, 0.862112837164327, 0.880580854430377
0.862112837164327, 0.880580854430377, 0.899444490050587

0.844032141130646, 0.862112837164327, 0.880580854430377
0.862112837164327, 0.880580854430377, 0.899444490050587
0.880580854430377, 0.899444490050587, 0.918712218886113

0.862112837164327, 0.880580854430377, 0.899444490050587
0.880580854430377, 0.899444490050587, 0.918712218886113
0.899444490050587, 0.918712218886113, 0.938392697344975

0.844032141130646, 0.862112837164327, 0.880580854430377
0.862112837164327, 0.880580854430377, 0.899444490050587
0.880580854430377, 0.899444490050587, 0.918712218886113

0.862112837164327, 0.880580854430377, 0.899444490050587
0.880580854430377, 0.899444490050587, 0.918712218886113
0.899444490050587, 0.918712218886113, 0.938392697344975

0.880580854430377, 0.899444490050587, 0.918712218886113
0.899444490050587, 0.918712218886113, 0.938392697344975
0.918712218886113, 0.938392697344975, 0.958494767271117

0.826330643219264, 0.844032141130646, 0.862112837164327
0.844032141130646, 0.862112837164327, 0.880580854430377
0.862112837164327, 0.880580854430377, 0.899444490050587

0.844032141130646, 0.862112837164327, 0.880580854430377
0.862112837164327, 0.880580854430377, 0.899444490050587
0.880580854430377, 0.899444490050587, 0.918712218886113

0.862112837164327, 0.880580854430377, 0.899444490050587
0.880580854430377, 0.899444490050587, 0.918712218886113
0.899444490050587, 0.918712218886113, 0.938392697344975

0.844032141130646, 0.862112837164327, 0.880580854430377
0.862112837164327, 0.880580854430377, 0.899444490050587
0.880580854430377, 0.899444490050587, 0.918712218886113

0.862112837164327, 0.880580854430377, 0.899444490050587
0.880580854430377, 0.899444490050587, 0.918712218886113
0.899444490050587, 0.918712218886113, 0.938392697344975

0.880580854430377, 0.899444490050587, 0.918712218886113
0.899444490050587, 0.918712218886113, 0.938392697344975
0.918712218886113, 0.938392697344975, 0.958494767271117

0.862112837164327, 0.880580854430377, 0.899444490050587
0.880580854430377, 0.899444490050587, 0.918712218886113
0.899444490050587, 0.918712218886113, 0.938392697344975

0.880580854430377, 0.899444490050587, 0.918712218886113
0.899444490050587, 0.918712218886113, 0.938392697344975
0.918712218886113, 0.938392697344975, 0.958494767271117

0.899444490050587, 0.918712218886113, 0.938392697344975
0.918712218886113, 0.938392697344975, 0.958494767271117
0.938392697344975, 0.958494767271117, 0.979027459916788

0.809000390682361, 0.826330643219264, 0.844032141130646
0.826330643219264, 0.844032141130646, 0.862112837164327
0.844032141130646, 0.862112837164327, 0.880580854430377

0.826330643219264, 0.844032141130646, 0.862112837164327
0.844032141130646, 0.862112837164327, 0.880580854430377
0.862112837164327, 0.880580854430377, 0.899444490050587

0.844032141130646, 0.862112837164327, 0.880580854430377
0.862112837164327, 0.880580854430377, 0.899444490050587
0.880580854430377, 0.899444490050587, 0.918712218886113

0.826330643219264, 0.844032141130646, 0.862112837164327
0.844032141130646, 0.862112837164327, 0.880580854430377
0.862112837164327, 0.880580854430377, 0.899444490050587

0.844032141130646, 0.862112837164327, 0.880580854430377
0.862112837164327, 0.880580854430377, 0.899444490050587
0.880580854430377, 0.899444490050587, 0.918712218886113

0.862112837164327, 0.880580854430377, 0.899444490050587
0.880580854430377, 0.899444490050587, 0.918712218886113
0.899444490050587, 0.918712218886113, 0.938392697344975

0.844032141130646, 0.862112837164327, 0.880580854430377
0.862112837164327, 0.880580854430377, 0.899444490050587
0.880580854430377, 0.899444490050587, 0.918712218886113

0.862112837164327, 0.880580854430377, 0.899444490050587
0.880580854430377, 0.899444490050587, 0.918712218886113
0.899444490050587, 0.918712218886113, 0.938392697344975

0.880580854430377, 0.899444490050587, 0.918712218886113
0.899444490050587, 0.918712218886113, 0.938392697344975
0.918712218886113, 0.938392697344975, 0.958494767271117

0.826330643219264, 0.844032141130646, 0.862112837164327
0.844032141130646, 0.862112837164327, 0.880580854430377
0.862112837164327, 0.880580854430377, 0.899444490050587

0.844032141130646, 0.862112837164327, 0.880580854430377
0.862112837164327, 0.880580854430377, 0.899444490050587
0.880580854430377, 0.899444490050587, 0.918712218886113

0.862112837164327, 0.880580854430377, 0.899444490050587
0.880580854430377, 0.899444490050587, 0.918712218886113
0.899444490050587, 0.918712218886113, 0.938392697344975

0.844032141130646, 0.862112837164327, 0.880580854430377
0.862112837164327, 0.880580854430377, 0.899444490050587
0.880580854430377, 0.899444490050587, 0.918712218886113

0.862112837164327, 0.880580854430377, 0.899444490050587
0.880580854430377, 0.899444490050587, 0.918712218886113
0.899444490050587, 0.918712218886113, 0.938392697344975

0.880580854430377, 0.899444490050587, 0.918712218886113
0.899444490050587, 0.918712218886113, 0.938392697344975
0.918712218886113, 0.938392697344975, 0.958494767271117

0.862112837164327, 0.880580854430377, 0.899444490050587
0.880580854430377, 0.899444490050587, 0.918712218886113
0.899444490050587, 0.918712218886113, 0.938392697344975

0.880580854430377, 0.899444490050587, 0.918712218886113
0.899444490050587, 0.918712218886113, 0.938392697344975
0.918712218886113, 0.938392697344975, 0.958494767271117

0.899444490050587, 0.918712218886113, 0.938392697344975
0.918712218886113, 0.938392697344975, 0.958494767271117
0.938392697344975, 0.958494767271117, 0.979027459916788

0.844032141130646, 0.862112837164327, 0.880580854430377
0.862112837164327, 0.880580854430377, 0.899444490050587
0.880580854430377, 0.899444490050587, 0.918712218886113

0.862112837164327, 0.880580854430377, 0.899444490050587
0.880580854430377, 0.899444490050587, 0.918712218886113
0.899444490050587, 0.918712218886113, 0.938392697344975

0.880580854430377, 0.899444490050587, 0.918712218886113
0.899444490050587, 0.918712218886113, 0.938392697344975
0.918712218886113, 0.938392697344975, 0.958494767271117

0.862112837164327, 0.880580854430377, 0.899444490050587
0.880580854430377, 0.899444490050587, 0.918712218886113
0.899444490050587, 0.918712218886113, 0.938392697344975

0.880580854430377, 0.899444490050587, 0.918712218886113
0.899444490050587, 0.918712218886113, 0.938392697344975
0.918712218886113, 0.938392697344975, 0.958494767271117

0.899444490050587, 0.918712218886113, 0.938392697344975
0.918712218886113, 0.938392697344975, 0.958494767271117
0.938392697344975, 0.958494767271117, 0.979027459916788

0.880580854430377, 0.899444490050587, 0.918712218886113
0.899444490050587, 0.918712218886113, 0.938392697344975
0.918712218886113, 0.938392697344975, 0.958494767271117

0.899444490050587, 0.918712218886113, 0.938392697344975
0.918712218886113, 0.938392697344975, 0.958494767271117
0.938392697344975, 0.958494767271117, 0.979027459916788

0.918712218886113, 0.938392697344975, 0.958494767271117
0.938392697344975, 0.958494767271117, 0.979027459916788
0.958494767271117, 0.979027459916788, 1.00000000000000
 