Attribute names:	P0	P1	P2	P3	P4
Minor allele frequencies:	0.050	0.050	0.050	0.050	0.050
x: 4.79776381897370e-21
y: 106.620774586407
Prevalence: 4.96350618871455e-13
Heritability: 0.200000000000000

Table:

4.79776381897370E-21, 5.16339058480586E-19, 5.55688094228967E-17
5.16339058480586E-19, 5.55688094228967E-17, 5.98035831293657E-15
5.55688094228967E-17, 5.98035831293657E-15, 6.43610793942490E-13

5.16339058480586E-19, 5.55688094228967E-17, 5.98035831293657E-15
5.55688094228967E-17, 5.98035831293657E-15, 6.43610793942490E-13
5.98035831293657E-15, 6.43610793942490E-13, 6.92658921762630E-11

5.55688094228967E-17, 5.98035831293657E-15, 6.43610793942490E-13
5.98035831293657E-15, 6.43610793942490E-13, 6.92658921762630E-11
6.43610793942490E-13, 6.92658921762630E-11, 7.45444896842796E-9

5.16339058480586E-19, 5.55688094228967E-17, 5.98035831293657E-15
5.55688094228967E-17, 5.98035831293657E-15, 6.43610793942490E-13
5.98035831293657E-15, 6.43610793942490E-13, 6.92658921762630E-11

5.55688094228967E-17, 5.98035831293657E-15, 6.43610793942490E-13
5.98035831293657E-15, 6.43610793942490E-13, 6.92658921762630E-11
6.43610793942490E-13, 6.92658921762630E-11, 7.45444896842796E-9

5.98035831293657E-15, 6.43610793942490E-13, 6.92658921762630E-11
6.43610793942490E-13, 6.92658921762630E-11, 7.45444896842796E-9
6.92658921762630E-11, 7.45444896842796E-9, 8.02253572097058E-7

5.55688094228967E-17, 5.98035831293657E-15, 6.43610793942490E-13
5.98035831293657E-15, 6.43610793942490E-13, 6.92658921762630E-11
6.43610793942490E-13, 6.92658921762630E-11, 7.45444896842796E-9

5.98035831293657E-15, 6.43610793942490E-13, 6.92658921762630E-11
6.43610793942490E-13, 6.92658921762630E-11, 7.45444896842796E-9
6.92658921762630E-11, 7.45444896842796E-9, 8.02253572097058E-7

6.43610793942490E-13, 6.92658921762630E-11, 7.45444896842796E-9
6.92658921762630E-11, 7.45444896842796E-9, 8.02253572097058E-7
7.45444896842796E-9, 8.02253572097058E-7, 0.0000863391508437972

5.16339058480586E-19, 5.55688094228967E-17, 5.98035831293657E-15
5.55688094228967E-17, 5.98035831293657E-15, 6.43610793942490E-13
5.98035831293657E-15, 6.43610793942490E-13, 6.92658921762630E-11

5.55688094228967E-17, 5.98035831293657E-15, 6.43610793942490E-13
5.98035831293657E-15, 6.43610793942490E-13, 6.92658921762630E-11
6.43610793942490E-13, 6.92658921762630E-11, 7.45444896842796E-9

5.98035831293657E-15, 6.43610793942490E-13, 6.92658921762630E-11
6.43610793942490E-13, 6.92658921762630E-11, 7.45444896842796E-9
6.92658921762630E-11, 7.45444896842796E-9, 8.02253572097058E-7

5.55688094228967E-17, 5.98035831293657E-15, 6.43610793942490E-13
5.98035831293657E-15, 6.43610793942490E-13, 6.92658921762630E-11
6.43610793942490E-13, 6.92658921762630E-11, 7.45444896842796E-9

5.98035831293657E-15, 6.43610793942490E-13, 6.92658921762630E-11
6.43610793942490E-13, 6.92658921762630E-11, 7.45444896842796E-9
6.92658921762630E-11, 7.45444896842796E-9, 8.02253572097058E-7

6.43610793942490E-13, 6.92658921762630E-11, 7.45444896842796E-9
6.92658921762630E-11, 7.45444896842796E-9, 8.02253572097058E-7
7.45444896842796E-9, 8.02253572097058E-7, 0.0000863391508437972

5.98035831293657E-15, 6.43610793942490E-13, 6.92658921762630E-11
6.43610793942490E-13, 6.92658921762630E-11, 7.45444896842796E-9
6.92658921762630E-11, 7.45444896842796E-9, 8.02253572097058E-7

6.43610793942490E-13, 6.92658921762630E-11, 7.45444896842796E-9
6.92658921762630E-11, 7.45444896842796E-9, 8.02253572097058E-7
7.45444896842796E-9, 8.02253572097058E-7, 0.0000863391508437972

6.92658921762630E-11, 7.45444896842796E-9, 8.02253572097058E-7
7.45444896842796E-9, 8.02253572097058E-7, 0.0000863391508437972
8.02253572097058E-7, 0.0000863391508437972, 0.00929188629094207

5.55688094228967E-17, 5.98035831293657E-15, 6.43610793942490E-13
5.98035831293657E-15, 6.43610793942490E-13, 6.92658921762630E-11
6.43610793942490E-13, 6.92658921762630E-11, 7.45444896842796E-9

5.98035831293657E-15, 6.43610793942490E-13, 6.92658921762630E-11
6.43610793942490E-13, 6.92658921762630E-11, 7.45444896842796E-9
6.92658921762630E-11, 7.45444896842796E-9, 8.02253572097058E-7

6.43610793942490E-13, 6.92658921762630E-11, 7.45444896842796E-9
6.92658921762630E-11, 7.45444896842796E-9, 8.02253572097058E-7
7.45444896842796E-9, 8.02253572097058E-7, 0.0000863391508437972

5.98035831293657E-15, 6.43610793942490E-13, 6.92658921762630E-11
6.43610793942490E-13, 6.92658921762630E-11, 7.45444896842796E-9
6.92658921762630E-11, 7.45444896842796E-9, 8.02253572097058E-7

6.43610793942490E-13, 6.92658921762630E-11, 7.45444896842796E-9
6.92658921762630E-11, 7.45444896842796E-9, 8.02253572097058E-7
7.45444896842796E-9, 8.02253572097058E-7, 0.0000863391508437972

6.92658921762630E-11, 7.45444896842796E-9, 8.02253572097058E-7
7.45444896842796E-9, 8.02253572097058E-7, 0.0000863391508437972
8.02253572097058E-7, 0.0000863391508437972, 0.00929188629094207

6.43610793942490E-13, 6.92658921762630E-11, 7.45444896842796E-9
6.92658921762630E-11, 7.45444896842796E-9, 8.02253572097058E-7
7.45444896842796E-9, 8.02253572097058E-7, 0.0000863391508437972

6.92658921762630E-11, 7.45444896842796E-9, 8.02253572097058E-7
7.45444896842796E-9, 8.02253572097058E-7, 0.0000863391508437972
8.02253572097058E-7, 0.0000863391508437972, 0.00929188629094207

7.45444896842796E-9, 8.02253572097058E-7, 0.0000863391508437972
8.02253572097058E-7, 0.0000863391508437972, 0.00929188629094207
0.0000863391508437972, 0.00929188629094207, 1.00000000000000
 