Attribute names:	P0	P1	P2	P3	P4	P5
Minor allele frequencies:	0.200	0.200	0.200	0.200	0.200	0.200
x: 5.80077309847624e-14
y: 11.6777692689047
Prevalence: 1.10027529279758e-7
Heritability: 0.0500000000000000

Table:

5.80077309847624E-14, 7.35408629237510E-13, 9.32334091983461E-12
7.35408629237510E-13, 9.32334091983461E-12, 1.18199164997001E-10
9.32334091983461E-12, 1.18199164997001E-10, 1.49850174160917E-9

7.35408629237510E-13, 9.32334091983461E-12, 1.18199164997001E-10
9.32334091983461E-12, 1.18199164997001E-10, 1.49850174160917E-9
1.18199164997001E-10, 1.49850174160917E-9, 1.89976593291729E-8

9.32334091983461E-12, 1.18199164997001E-10, 1.49850174160917E-9
1.18199164997001E-10, 1.49850174160917E-9, 1.89976593291729E-8
1.49850174160917E-9, 1.89976593291729E-8, 2.40847941624508E-7

7.35408629237510E-13, 9.32334091983461E-12, 1.18199164997001E-10
9.32334091983461E-12, 1.18199164997001E-10, 1.49850174160917E-9
1.18199164997001E-10, 1.49850174160917E-9, 1.89976593291729E-8

9.32334091983461E-12, 1.18199164997001E-10, 1.49850174160917E-9
1.18199164997001E-10, 1.49850174160917E-9, 1.89976593291729E-8
1.49850174160917E-9, 1.89976593291729E-8, 2.40847941624508E-7

1.18199164997001E-10, 1.49850174160917E-9, 1.89976593291729E-8
1.49850174160917E-9, 1.89976593291729E-8, 2.40847941624508E-7
1.89976593291729E-8, 2.40847941624508E-7, 0.00000305341463280613

9.32334091983461E-12, 1.18199164997001E-10, 1.49850174160917E-9
1.18199164997001E-10, 1.49850174160917E-9, 1.89976593291729E-8
1.49850174160917E-9, 1.89976593291729E-8, 2.40847941624508E-7

1.18199164997001E-10, 1.49850174160917E-9, 1.89976593291729E-8
1.49850174160917E-9, 1.89976593291729E-8, 2.40847941624508E-7
1.89976593291729E-8, 2.40847941624508E-7, 0.00000305341463280613

1.49850174160917E-9, 1.89976593291729E-8, 2.40847941624508E-7
1.89976593291729E-8, 2.40847941624508E-7, 0.00000305341463280613
2.40847941624508E-7, 0.00000305341463280613, 0.0000387104861970135

7.35408629237510E-13, 9.32334091983461E-12, 1.18199164997001E-10
9.32334091983461E-12, 1.18199164997001E-10, 1.49850174160917E-9
1.18199164997001E-10, 1.49850174160917E-9, 1.89976593291729E-8

9.32334091983461E-12, 1.18199164997001E-10, 1.49850174160917E-9
1.18199164997001E-10, 1.49850174160917E-9, 1.89976593291729E-8
1.49850174160917E-9, 1.89976593291729E-8, 2.40847941624508E-7

1.18199164997001E-10, 1.49850174160917E-9, 1.89976593291729E-8
1.49850174160917E-9, 1.89976593291729E-8, 2.40847941624508E-7
1.89976593291729E-8, 2.40847941624508E-7, 0.00000305341463280613

9.32334091983461E-12, 1.18199164997001E-10, 1.49850174160917E-9
1.18199164997001E-10, 1.49850174160917E-9, 1.89976593291729E-8
1.49850174160917E-9, 1.89976593291729E-8, 2.40847941624508E-7

1.18199164997001E-10, 1.49850174160917E-9, 1.89976593291729E-8
1.49850174160917E-9, 1.89976593291729E-8, 2.40847941624508E-7
1.89976593291729E-8, 2.40847941624508E-7, 0.00000305341463280613

1.49850174160917E-9, 1.89976593291729E-8, 2.40847941624508E-7
1.89976593291729E-8, 2.40847941624508E-7, 0.00000305341463280613
2.40847941624508E-7, 0.00000305341463280613, 0.0000387104861970135

1.18199164997001E-10, 1.49850174160917E-9, 1.89976593291729E-8
1.49850174160917E-9, 1.89976593291729E-8, 2.40847941624508E-7
1.89976593291729E-8, 2.40847941624508E-7, 0.00000305341463280613

1.49850174160917E-9, 1.89976593291729E-8, 2.40847941624508E-7
1.89976593291729E-8, 2.40847941624508E-7, 0.00000305341463280613
2.40847941624508E-7, 0.00000305341463280613, 0.0000387104861970135

1.89976593291729E-8, 2.40847941624508E-7, 0.00000305341463280613
2.40847941624508E-7, 0.00000305341463280613, 0.0000387104861970135
0.00000305341463280613, 0.0000387104861970135, 0.000490762612292856

9.32334091983461E-12, 1.18199164997001E-10, 1.49850174160917E-9
1.18199164997001E-10, 1.49850174160917E-9, 1.89976593291729E-8
1.49850174160917E-9, 1.89976593291729E-8, 2.40847941624508E-7

1.18199164997001E-10, 1.49850174160917E-9, 1.89976593291729E-8
1.49850174160917E-9, 1.89976593291729E-8, 2.40847941624508E-7
1.89976593291729E-8, 2.40847941624508E-7, 0.00000305341463280613

1.49850174160917E-9, 1.89976593291729E-8, 2.40847941624508E-7
1.89976593291729E-8, 2.40847941624508E-7, 0.00000305341463280613
2.40847941624508E-7, 0.00000305341463280613, 0.0000387104861970135

1.18199164997001E-10, 1.49850174160917E-9, 1.89976593291729E-8
1.49850174160917E-9, 1.89976593291729E-8, 2.40847941624508E-7
1.89976593291729E-8, 2.40847941624508E-7, 0.00000305341463280613

1.49850174160917E-9, 1.89976593291729E-8, 2.40847941624508E-7
1.89976593291729E-8, 2.40847941624508E-7, 0.00000305341463280613
2.40847941624508E-7, 0.00000305341463280613, 0.0000387104861970135

1.89976593291729E-8, 2.40847941624508E-7, 0.00000305341463280613
2.40847941624508E-7, 0.00000305341463280613, 0.0000387104861970135
0.00000305341463280613, 0.0000387104861970135, 0.000490762612292856

1.49850174160917E-9, 1.89976593291729E-8, 2.40847941624508E-7
1.89976593291729E-8, 2.40847941624508E-7, 0.00000305341463280613
2.40847941624508E-7, 0.00000305341463280613, 0.0000387104861970135

1.89976593291729E-8, 2.40847941624508E-7, 0.00000305341463280613
2.40847941624508E-7, 0.00000305341463280613, 0.0000387104861970135
0.00000305341463280613, 0.0000387104861970135, 0.000490762612292856

2.40847941624508E-7, 0.00000305341463280613, 0.0000387104861970135
0.00000305341463280613, 0.0000387104861970135, 0.000490762612292856
0.0000387104861970135, 0.000490762612292856, 0.00622177516445375

7.35408629237510E-13, 9.32334091983461E-12, 1.18199164997001E-10
9.32334091983461E-12, 1.18199164997001E-10, 1.49850174160917E-9
1.18199164997001E-10, 1.49850174160917E-9, 1.89976593291729E-8

9.32334091983461E-12, 1.18199164997001E-10, 1.49850174160917E-9
1.18199164997001E-10, 1.49850174160917E-9, 1.89976593291729E-8
1.49850174160917E-9, 1.89976593291729E-8, 2.40847941624508E-7

1.18199164997001E-10, 1.49850174160917E-9, 1.89976593291729E-8
1.49850174160917E-9, 1.89976593291729E-8, 2.40847941624508E-7
1.89976593291729E-8, 2.40847941624508E-7, 0.00000305341463280613

9.32334091983461E-12, 1.18199164997001E-10, 1.49850174160917E-9
1.18199164997001E-10, 1.49850174160917E-9, 1.89976593291729E-8
1.49850174160917E-9, 1.89976593291729E-8, 2.40847941624508E-7

1.18199164997001E-10, 1.49850174160917E-9, 1.89976593291729E-8
1.49850174160917E-9, 1.89976593291729E-8, 2.40847941624508E-7
1.89976593291729E-8, 2.40847941624508E-7, 0.00000305341463280613

1.49850174160917E-9, 1.89976593291729E-8, 2.40847941624508E-7
1.89976593291729E-8, 2.40847941624508E-7, 0.00000305341463280613
2.40847941624508E-7, 0.00000305341463280613, 0.0000387104861970135

1.18199164997001E-10, 1.49850174160917E-9, 1.89976593291729E-8
1.49850174160917E-9, 1.89976593291729E-8, 2.40847941624508E-7
1.89976593291729E-8, 2.40847941624508E-7, 0.00000305341463280613

1.49850174160917E-9, 1.89976593291729E-8, 2.40847941624508E-7
1.89976593291729E-8, 2.40847941624508E-7, 0.00000305341463280613
2.40847941624508E-7, 0.00000305341463280613, 0.0000387104861970135

1.89976593291729E-8, 2.40847941624508E-7, 0.00000305341463280613
2.40847941624508E-7, 0.00000305341463280613, 0.0000387104861970135
0.00000305341463280613, 0.0000387104861970135, 0.000490762612292856

9.32334091983461E-12, 1.18199164997001E-10, 1.49850174160917E-9
1.18199164997001E-10, 1.49850174160917E-9, 1.89976593291729E-8
1.49850174160917E-9, 1.89976593291729E-8, 2.40847941624508E-7

1.18199164997001E-10, 1.49850174160917E-9, 1.89976593291729E-8
1.49850174160917E-9, 1.89976593291729E-8, 2.40847941624508E-7
1.89976593291729E-8, 2.40847941624508E-7, 0.00000305341463280613

1.49850174160917E-9, 1.89976593291729E-8, 2.40847941624508E-7
1.89976593291729E-8, 2.40847941624508E-7, 0.00000305341463280613
2.40847941624508E-7, 0.00000305341463280613, 0.0000387104861970135

1.18199164997001E-10, 1.49850174160917E-9, 1.89976593291729E-8
1.49850174160917E-9, 1.89976593291729E-8, 2.40847941624508E-7
1.89976593291729E-8, 2.40847941624508E-7, 0.00000305341463280613

1.49850174160917E-9, 1.89976593291729E-8, 2.40847941624508E-7
1.89976593291729E-8, 2.40847941624508E-7, 0.00000305341463280613
2.40847941624508E-7, 0.00000305341463280613, 0.0000387104861970135

1.89976593291729E-8, 2.40847941624508E-7, 0.00000305341463280613
2.40847941624508E-7, 0.00000305341463280613, 0.0000387104861970135
0.00000305341463280613, 0.0000387104861970135, 0.000490762612292856

1.49850174160917E-9, 1.89976593291729E-8, 2.40847941624508E-7
1.89976593291729E-8, 2.40847941624508E-7, 0.00000305341463280613
2.40847941624508E-7, 0.00000305341463280613, 0.0000387104861970135

1.89976593291729E-8, 2.40847941624508E-7, 0.00000305341463280613
2.40847941624508E-7, 0.00000305341463280613, 0.0000387104861970135
0.00000305341463280613, 0.0000387104861970135, 0.000490762612292856

2.40847941624508E-7, 0.00000305341463280613, 0.0000387104861970135
0.00000305341463280613, 0.0000387104861970135, 0.000490762612292856
0.0000387104861970135, 0.000490762612292856, 0.00622177516445375

1.18199164997001E-10, 1.49850174160917E-9, 1.89976593291729E-8
1.49850174160917E-9, 1.89976593291729E-8, 2.40847941624508E-7
1.89976593291729E-8, 2.40847941624508E-7, 0.00000305341463280613

1.49850174160917E-9, 1.89976593291729E-8, 2.40847941624508E-7
1.89976593291729E-8, 2.40847941624508E-7, 0.00000305341463280613
2.40847941624508E-7, 0.00000305341463280613, 0.0000387104861970135

1.89976593291729E-8, 2.40847941624508E-7, 0.00000305341463280613
2.40847941624508E-7, 0.00000305341463280613, 0.0000387104861970135
0.00000305341463280613, 0.0000387104861970135, 0.000490762612292856

1.49850174160917E-9, 1.89976593291729E-8, 2.40847941624508E-7
1.89976593291729E-8, 2.40847941624508E-7, 0.00000305341463280613
2.40847941624508E-7, 0.00000305341463280613, 0.0000387104861970135

1.89976593291729E-8, 2.40847941624508E-7, 0.00000305341463280613
2.40847941624508E-7, 0.00000305341463280613, 0.0000387104861970135
0.00000305341463280613, 0.0000387104861970135, 0.000490762612292856

2.40847941624508E-7, 0.00000305341463280613, 0.0000387104861970135
0.00000305341463280613, 0.0000387104861970135, 0.000490762612292856
0.0000387104861970135, 0.000490762612292856, 0.00622177516445375

1.89976593291729E-8, 2.40847941624508E-7, 0.00000305341463280613
2.40847941624508E-7, 0.00000305341463280613, 0.0000387104861970135
0.00000305341463280613, 0.0000387104861970135, 0.000490762612292856

2.40847941624508E-7, 0.00000305341463280613, 0.0000387104861970135
0.00000305341463280613, 0.0000387104861970135, 0.000490762612292856
0.0000387104861970135, 0.000490762612292856, 0.00622177516445375

0.00000305341463280613, 0.0000387104861970135, 0.000490762612292856
0.0000387104861970135, 0.000490762612292856, 0.00622177516445375
0.000490762612292856, 0.00622177516445375, 0.0788782299779461

9.32334091983461E-12, 1.18199164997001E-10, 1.49850174160917E-9
1.18199164997001E-10, 1.49850174160917E-9, 1.89976593291729E-8
1.49850174160917E-9, 1.89976593291729E-8, 2.40847941624508E-7

1.18199164997001E-10, 1.49850174160917E-9, 1.89976593291729E-8
1.49850174160917E-9, 1.89976593291729E-8, 2.40847941624508E-7
1.89976593291729E-8, 2.40847941624508E-7, 0.00000305341463280613

1.49850174160917E-9, 1.89976593291729E-8, 2.40847941624508E-7
1.89976593291729E-8, 2.40847941624508E-7, 0.00000305341463280613
2.40847941624508E-7, 0.00000305341463280613, 0.0000387104861970135

1.18199164997001E-10, 1.49850174160917E-9, 1.89976593291729E-8
1.49850174160917E-9, 1.89976593291729E-8, 2.40847941624508E-7
1.89976593291729E-8, 2.40847941624508E-7, 0.00000305341463280613

1.49850174160917E-9, 1.89976593291729E-8, 2.40847941624508E-7
1.89976593291729E-8, 2.40847941624508E-7, 0.00000305341463280613
2.40847941624508E-7, 0.00000305341463280613, 0.0000387104861970135

1.89976593291729E-8, 2.40847941624508E-7, 0.00000305341463280613
2.40847941624508E-7, 0.00000305341463280613, 0.0000387104861970135
0.00000305341463280613, 0.0000387104861970135, 0.000490762612292856

1.49850174160917E-9, 1.89976593291729E-8, 2.40847941624508E-7
1.89976593291729E-8, 2.40847941624508E-7, 0.00000305341463280613
2.40847941624508E-7, 0.00000305341463280613, 0.0000387104861970135

1.89976593291729E-8, 2.40847941624508E-7, 0.00000305341463280613
2.40847941624508E-7, 0.00000305341463280613, 0.0000387104861970135
0.00000305341463280613, 0.0000387104861970135, 0.000490762612292856

2.40847941624508E-7, 0.00000305341463280613, 0.0000387104861970135
0.00000305341463280613, 0.0000387104861970135, 0.000490762612292856
0.0000387104861970135, 0.000490762612292856, 0.00622177516445375

1.18199164997001E-10, 1.49850174160917E-9, 1.89976593291729E-8
1.49850174160917E-9, 1.89976593291729E-8, 2.40847941624508E-7
1.89976593291729E-8, 2.40847941624508E-7, 0.00000305341463280613

1.49850174160917E-9, 1.89976593291729E-8, 2.40847941624508E-7
1.89976593291729E-8, 2.40847941624508E-7, 0.00000305341463280613
2.40847941624508E-7, 0.00000305341463280613, 0.0000387104861970135

1.89976593291729E-8, 2.40847941624508E-7, 0.00000305341463280613
2.40847941624508E-7, 0.00000305341463280613, 0.0000387104861970135
0.00000305341463280613, 0.0000387104861970135, 0.000490762612292856

1.49850174160917E-9, 1.89976593291729E-8, 2.40847941624508E-7
1.89976593291729E-8, 2.40847941624508E-7, 0.00000305341463280613
2.40847941624508E-7, 0.00000305341463280613, 0.0000387104861970135

1.89976593291729E-8, 2.40847941624508E-7, 0.00000305341463280613
2.40847941624508E-7, 0.00000305341463280613, 0.0000387104861970135
0.00000305341463280613, 0.0000387104861970135, 0.000490762612292856

2.40847941624508E-7, 0.00000305341463280613, 0.0000387104861970135
0.00000305341463280613, 0.0000387104861970135, 0.000490762612292856
0.0000387104861970135, 0.000490762612292856, 0.00622177516445375

1.89976593291729E-8, 2.40847941624508E-7, 0.00000305341463280613
2.40847941624508E-7, 0.00000305341463280613, 0.0000387104861970135
0.00000305341463280613, 0.0000387104861970135, 0.000490762612292856

2.40847941624508E-7, 0.00000305341463280613, 0.0000387104861970135
0.00000305341463280613, 0.0000387104861970135, 0.000490762612292856
0.0000387104861970135, 0.000490762612292856, 0.00622177516445375

0.00000305341463280613, 0.0000387104861970135, 0.000490762612292856
0.0000387104861970135, 0.000490762612292856, 0.00622177516445375
0.000490762612292856, 0.00622177516445375, 0.0788782299779461

1.49850174160917E-9, 1.89976593291729E-8, 2.40847941624508E-7
1.89976593291729E-8, 2.40847941624508E-7, 0.00000305341463280613
2.40847941624508E-7, 0.00000305341463280613, 0.0000387104861970135

1.89976593291729E-8, 2.40847941624508E-7, 0.00000305341463280613
2.40847941624508E-7, 0.00000305341463280613, 0.0000387104861970135
0.00000305341463280613, 0.0000387104861970135, 0.000490762612292856

2.40847941624508E-7, 0.00000305341463280613, 0.0000387104861970135
0.00000305341463280613, 0.0000387104861970135, 0.000490762612292856
0.0000387104861970135, 0.000490762612292856, 0.00622177516445375

1.89976593291729E-8, 2.40847941624508E-7, 0.00000305341463280613
2.40847941624508E-7, 0.00000305341463280613, 0.0000387104861970135
0.00000305341463280613, 0.0000387104861970135, 0.000490762612292856

2.40847941624508E-7, 0.00000305341463280613, 0.0000387104861970135
0.00000305341463280613, 0.0000387104861970135, 0.000490762612292856
0.0000387104861970135, 0.000490762612292856, 0.00622177516445375

0.00000305341463280613, 0.0000387104861970135, 0.000490762612292856
0.0000387104861970135, 0.000490762612292856, 0.00622177516445375
0.000490762612292856, 0.00622177516445375, 0.0788782299779461

2.40847941624508E-7, 0.00000305341463280613, 0.0000387104861970135
0.00000305341463280613, 0.0000387104861970135, 0.000490762612292856
0.0000387104861970135, 0.000490762612292856, 0.00622177516445375

0.00000305341463280613, 0.0000387104861970135, 0.000490762612292856
0.0000387104861970135, 0.000490762612292856, 0.00622177516445375
0.000490762612292856, 0.00622177516445375, 0.0788782299779461

0.0000387104861970135, 0.000490762612292856, 0.00622177516445375
0.000490762612292856, 0.00622177516445375, 0.0788782299779461
0.00622177516445375, 0.0788782299779461, 1.00000000000000
 