Attribute names:	P0	P1	P2	P3	P4
Minor allele frequencies:	0.200	0.200	0.200	0.200	0.200
x: 8.30211540838986e-17
y: 39.5584288871550
Prevalence: 2.62293432600501e-7
Heritability: 0.400000000000000

Table:

8.30211540838986E-17, 3.36720757404134E-15, 1.36568648940046E-13
3.36720757404134E-15, 1.36568648940046E-13, 5.53900983624969E-12
1.36568648940046E-13, 5.53900983624969E-12, 2.24653536548785E-10

3.36720757404134E-15, 1.36568648940046E-13, 5.53900983624969E-12
1.36568648940046E-13, 5.53900983624969E-12, 2.24653536548785E-10
5.53900983624969E-12, 2.24653536548785E-10, 9.11159448636179E-9

1.36568648940046E-13, 5.53900983624969E-12, 2.24653536548785E-10
5.53900983624969E-12, 2.24653536548785E-10, 9.11159448636179E-9
2.24653536548785E-10, 9.11159448636179E-9, 3.69551957023699E-7

3.36720757404134E-15, 1.36568648940046E-13, 5.53900983624969E-12
1.36568648940046E-13, 5.53900983624969E-12, 2.24653536548785E-10
5.53900983624969E-12, 2.24653536548785E-10, 9.11159448636179E-9

1.36568648940046E-13, 5.53900983624969E-12, 2.24653536548785E-10
5.53900983624969E-12, 2.24653536548785E-10, 9.11159448636179E-9
2.24653536548785E-10, 9.11159448636179E-9, 3.69551957023699E-7

5.53900983624969E-12, 2.24653536548785E-10, 9.11159448636179E-9
2.24653536548785E-10, 9.11159448636179E-9, 3.69551957023699E-7
9.11159448636179E-9, 3.69551957023699E-7, 0.0000149884467690547

1.36568648940046E-13, 5.53900983624969E-12, 2.24653536548785E-10
5.53900983624969E-12, 2.24653536548785E-10, 9.11159448636179E-9
2.24653536548785E-10, 9.11159448636179E-9, 3.69551957023699E-7

5.53900983624969E-12, 2.24653536548785E-10, 9.11159448636179E-9
2.24653536548785E-10, 9.11159448636179E-9, 3.69551957023699E-7
9.11159448636179E-9, 3.69551957023699E-7, 0.0000149884467690547

2.24653536548785E-10, 9.11159448636179E-9, 3.69551957023699E-7
9.11159448636179E-9, 3.69551957023699E-7, 0.0000149884467690547
3.69551957023699E-7, 0.0000149884467690547, 0.000607907852411613

3.36720757404134E-15, 1.36568648940046E-13, 5.53900983624969E-12
1.36568648940046E-13, 5.53900983624969E-12, 2.24653536548785E-10
5.53900983624969E-12, 2.24653536548785E-10, 9.11159448636179E-9

1.36568648940046E-13, 5.53900983624969E-12, 2.24653536548785E-10
5.53900983624969E-12, 2.24653536548785E-10, 9.11159448636179E-9
2.24653536548785E-10, 9.11159448636179E-9, 3.69551957023699E-7

5.53900983624969E-12, 2.24653536548785E-10, 9.11159448636179E-9
2.24653536548785E-10, 9.11159448636179E-9, 3.69551957023699E-7
9.11159448636179E-9, 3.69551957023699E-7, 0.0000149884467690547

1.36568648940046E-13, 5.53900983624969E-12, 2.24653536548785E-10
5.53900983624969E-12, 2.24653536548785E-10, 9.11159448636179E-9
2.24653536548785E-10, 9.11159448636179E-9, 3.69551957023699E-7

5.53900983624969E-12, 2.24653536548785E-10, 9.11159448636179E-9
2.24653536548785E-10, 9.11159448636179E-9, 3.69551957023699E-7
9.11159448636179E-9, 3.69551957023699E-7, 0.0000149884467690547

2.24653536548785E-10, 9.11159448636179E-9, 3.69551957023699E-7
9.11159448636179E-9, 3.69551957023699E-7, 0.0000149884467690547
3.69551957023699E-7, 0.0000149884467690547, 0.000607907852411613

5.53900983624969E-12, 2.24653536548785E-10, 9.11159448636179E-9
2.24653536548785E-10, 9.11159448636179E-9, 3.69551957023699E-7
9.11159448636179E-9, 3.69551957023699E-7, 0.0000149884467690547

2.24653536548785E-10, 9.11159448636179E-9, 3.69551957023699E-7
9.11159448636179E-9, 3.69551957023699E-7, 0.0000149884467690547
3.69551957023699E-7, 0.0000149884467690547, 0.000607907852411613

9.11159448636179E-9, 3.69551957023699E-7, 0.0000149884467690547
3.69551957023699E-7, 0.0000149884467690547, 0.000607907852411613
0.0000149884467690547, 0.000607907852411613, 0.0246557874019795

1.36568648940046E-13, 5.53900983624969E-12, 2.24653536548785E-10
5.53900983624969E-12, 2.24653536548785E-10, 9.11159448636179E-9
2.24653536548785E-10, 9.11159448636179E-9, 3.69551957023699E-7

5.53900983624969E-12, 2.24653536548785E-10, 9.11159448636179E-9
2.24653536548785E-10, 9.11159448636179E-9, 3.69551957023699E-7
9.11159448636179E-9, 3.69551957023699E-7, 0.0000149884467690547

2.24653536548785E-10, 9.11159448636179E-9, 3.69551957023699E-7
9.11159448636179E-9, 3.69551957023699E-7, 0.0000149884467690547
3.69551957023699E-7, 0.0000149884467690547, 0.000607907852411613

5.53900983624969E-12, 2.24653536548785E-10, 9.11159448636179E-9
2.24653536548785E-10, 9.11159448636179E-9, 3.69551957023699E-7
9.11159448636179E-9, 3.69551957023699E-7, 0.0000149884467690547

2.24653536548785E-10, 9.11159448636179E-9, 3.69551957023699E-7
9.11159448636179E-9, 3.69551957023699E-7, 0.0000149884467690547
3.69551957023699E-7, 0.0000149884467690547, 0.000607907852411613

9.11159448636179E-9, 3.69551957023699E-7, 0.0000149884467690547
3.69551957023699E-7, 0.0000149884467690547, 0.000607907852411613
0.0000149884467690547, 0.000607907852411613, 0.0246557874019795

2.24653536548785E-10, 9.11159448636179E-9, 3.69551957023699E-7
9.11159448636179E-9, 3.69551957023699E-7, 0.0000149884467690547
3.69551957023699E-7, 0.0000149884467690547, 0.000607907852411613

9.11159448636179E-9, 3.69551957023699E-7, 0.0000149884467690547
3.69551957023699E-7, 0.0000149884467690547, 0.000607907852411613
0.0000149884467690547, 0.000607907852411613, 0.0246557874019795

3.69551957023699E-7, 0.0000149884467690547, 0.000607907852411613
0.0000149884467690547, 0.000607907852411613, 0.0246557874019795
0.000607907852411613, 0.0246557874019795, 1.00000000000000
 