Attribute names:	P0	P1	P2	P3	P4	P5	P6
Minor allele frequencies:	0.500	0.500	0.500	0.500	0.500	0.500	0.500
x: 0.0893273711722921
y: 0.188309789050442
Prevalence: 0.314838516561469
Heritability: 0.0500000000000000

Table:

0.0893273711722921, 0.106148589594177, 0.126137408108658
0.106148589594177, 0.126137408108658, 0.149890316820969
0.126137408108658, 0.149890316820969, 0.178116130762230

0.106148589594177, 0.126137408108658, 0.149890316820969
0.126137408108658, 0.149890316820969, 0.178116130762230
0.149890316820969, 0.178116130762230, 0.211657141772546

0.126137408108658, 0.149890316820969, 0.178116130762230
0.149890316820969, 0.178116130762230, 0.211657141772546
0.178116130762230, 0.211657141772546, 0.251514253490754

0.106148589594177, 0.126137408108658, 0.149890316820969
0.126137408108658, 0.149890316820969, 0.178116130762230
0.149890316820969, 0.178116130762230, 0.211657141772546

0.126137408108658, 0.149890316820969, 0.178116130762230
0.149890316820969, 0.178116130762230, 0.211657141772546
0.178116130762230, 0.211657141772546, 0.251514253490754

0.149890316820969, 0.178116130762230, 0.211657141772546
0.178116130762230, 0.211657141772546, 0.251514253490754
0.211657141772546, 0.251514253490754, 0.298876849508777

0.126137408108658, 0.149890316820969, 0.178116130762230
0.149890316820969, 0.178116130762230, 0.211657141772546
0.178116130762230, 0.211657141772546, 0.251514253490754

0.149890316820969, 0.178116130762230, 0.211657141772546
0.178116130762230, 0.211657141772546, 0.251514253490754
0.211657141772546, 0.251514253490754, 0.298876849508777

0.178116130762230, 0.211657141772546, 0.251514253490754
0.211657141772546, 0.251514253490754, 0.298876849508777
0.251514253490754, 0.298876849508777, 0.355158285991835

0.106148589594177, 0.126137408108658, 0.149890316820969
0.126137408108658, 0.149890316820969, 0.178116130762230
0.149890316820969, 0.178116130762230, 0.211657141772546

0.126137408108658, 0.149890316820969, 0.178116130762230
0.149890316820969, 0.178116130762230, 0.211657141772546
0.178116130762230, 0.211657141772546, 0.251514253490754

0.149890316820969, 0.178116130762230, 0.211657141772546
0.178116130762230, 0.211657141772546, 0.251514253490754
0.211657141772546, 0.251514253490754, 0.298876849508777

0.126137408108658, 0.149890316820969, 0.178116130762230
0.149890316820969, 0.178116130762230, 0.211657141772546
0.178116130762230, 0.211657141772546, 0.251514253490754

0.149890316820969, 0.178116130762230, 0.211657141772546
0.178116130762230, 0.211657141772546, 0.251514253490754
0.211657141772546, 0.251514253490754, 0.298876849508777

0.178116130762230, 0.211657141772546, 0.251514253490754
0.211657141772546, 0.251514253490754, 0.298876849508777
0.251514253490754, 0.298876849508777, 0.355158285991835

0.149890316820969, 0.178116130762230, 0.211657141772546
0.178116130762230, 0.211657141772546, 0.251514253490754
0.211657141772546, 0.251514253490754, 0.298876849508777

0.178116130762230, 0.211657141772546, 0.251514253490754
0.211657141772546, 0.251514253490754, 0.298876849508777
0.251514253490754, 0.298876849508777, 0.355158285991835

0.211657141772546, 0.251514253490754, 0.298876849508777
0.251514253490754, 0.298876849508777, 0.355158285991835
0.298876849508777, 0.355158285991835, 0.422038067906474

0.126137408108658, 0.149890316820969, 0.178116130762230
0.149890316820969, 0.178116130762230, 0.211657141772546
0.178116130762230, 0.211657141772546, 0.251514253490754

0.149890316820969, 0.178116130762230, 0.211657141772546
0.178116130762230, 0.211657141772546, 0.251514253490754
0.211657141772546, 0.251514253490754, 0.298876849508777

0.178116130762230, 0.211657141772546, 0.251514253490754
0.211657141772546, 0.251514253490754, 0.298876849508777
0.251514253490754, 0.298876849508777, 0.355158285991835

0.149890316820969, 0.178116130762230, 0.211657141772546
0.178116130762230, 0.211657141772546, 0.251514253490754
0.211657141772546, 0.251514253490754, 0.298876849508777

0.178116130762230, 0.211657141772546, 0.251514253490754
0.211657141772546, 0.251514253490754, 0.298876849508777
0.251514253490754, 0.298876849508777, 0.355158285991835

0.211657141772546, 0.251514253490754, 0.298876849508777
0.251514253490754, 0.298876849508777, 0.355158285991835
0.298876849508777, 0.355158285991835, 0.422038067906474

0.178116130762230, 0.211657141772546, 0.251514253490754
0.211657141772546, 0.251514253490754, 0.298876849508777
0.251514253490754, 0.298876849508777, 0.355158285991835

0.211657141772546, 0.251514253490754, 0.298876849508777
0.251514253490754, 0.298876849508777, 0.355158285991835
0.298876849508777, 0.355158285991835, 0.422038067906474

0.251514253490754, 0.298876849508777, 0.355158285991835
0.298876849508777, 0.355158285991835, 0.422038067906474
0.355158285991835, 0.422038067906474, 0.501511967445198

0.106148589594177, 0.126137408108658, 0.149890316820969
0.126137408108658, 0.149890316820969, 0.178116130762230
0.149890316820969, 0.178116130762230, 0.211657141772546

0.126137408108658, 0.149890316820969, 0.178116130762230
0.149890316820969, 0.178116130762230, 0.211657141772546
0.178116130762230, 0.211657141772546, 0.251514253490754

0.149890316820969, 0.178116130762230, 0.211657141772546
0.178116130762230, 0.211657141772546, 0.251514253490754
0.211657141772546, 0.251514253490754, 0.298876849508777

0.126137408108658, 0.149890316820969, 0.178116130762230
0.149890316820969, 0.178116130762230, 0.211657141772546
0.178116130762230, 0.211657141772546, 0.251514253490754

0.149890316820969, 0.178116130762230, 0.211657141772546
0.178116130762230, 0.211657141772546, 0.251514253490754
0.211657141772546, 0.251514253490754, 0.298876849508777

0.178116130762230, 0.211657141772546, 0.251514253490754
0.211657141772546, 0.251514253490754, 0.298876849508777
0.251514253490754, 0.298876849508777, 0.355158285991835

0.149890316820969, 0.178116130762230, 0.211657141772546
0.178116130762230, 0.211657141772546, 0.251514253490754
0.211657141772546, 0.251514253490754, 0.298876849508777

0.178116130762230, 0.211657141772546, 0.251514253490754
0.211657141772546, 0.251514253490754, 0.298876849508777
0.251514253490754, 0.298876849508777, 0.355158285991835

0.211657141772546, 0.251514253490754, 0.298876849508777
0.251514253490754, 0.298876849508777, 0.355158285991835
0.298876849508777, 0.355158285991835, 0.422038067906474

0.126137408108658, 0.149890316820969, 0.178116130762230
0.149890316820969, 0.178116130762230, 0.211657141772546
0.178116130762230, 0.211657141772546, 0.251514253490754

0.149890316820969, 0.178116130762230, 0.211657141772546
0.178116130762230, 0.211657141772546, 0.251514253490754
0.211657141772546, 0.251514253490754, 0.298876849508777

0.178116130762230, 0.211657141772546, 0.251514253490754
0.211657141772546, 0.251514253490754, 0.298876849508777
0.251514253490754, 0.298876849508777, 0.355158285991835

0.149890316820969, 0.178116130762230, 0.211657141772546
0.178116130762230, 0.211657141772546, 0.251514253490754
0.211657141772546, 0.251514253490754, 0.298876849508777

0.178116130762230, 0.211657141772546, 0.251514253490754
0.211657141772546, 0.251514253490754, 0.298876849508777
0.251514253490754, 0.298876849508777, 0.355158285991835

0.211657141772546, 0.251514253490754, 0.298876849508777
0.251514253490754, 0.298876849508777, 0.355158285991835
0.298876849508777, 0.355158285991835, 0.422038067906474

0.178116130762230, 0.211657141772546, 0.251514253490754
0.211657141772546, 0.251514253490754, 0.298876849508777
0.251514253490754, 0.298876849508777, 0.355158285991835

0.211657141772546, 0.251514253490754, 0.298876849508777
0.251514253490754, 0.298876849508777, 0.355158285991835
0.298876849508777, 0.355158285991835, 0.422038067906474

0.251514253490754, 0.298876849508777, 0.355158285991835
0.298876849508777, 0.355158285991835, 0.422038067906474
0.355158285991835, 0.422038067906474, 0.501511967445198

0.149890316820969, 0.178116130762230, 0.211657141772546
0.178116130762230, 0.211657141772546, 0.251514253490754
0.211657141772546, 0.251514253490754, 0.298876849508777

0.178116130762230, 0.211657141772546, 0.251514253490754
0.211657141772546, 0.251514253490754, 0.298876849508777
0.251514253490754, 0.298876849508777, 0.355158285991835

0.211657141772546, 0.251514253490754, 0.298876849508777
0.251514253490754, 0.298876849508777, 0.355158285991835
0.298876849508777, 0.355158285991835, 0.422038067906474

0.178116130762230, 0.211657141772546, 0.251514253490754
0.211657141772546, 0.251514253490754, 0.298876849508777
0.251514253490754, 0.298876849508777, 0.355158285991835

0.211657141772546, 0.251514253490754, 0.298876849508777
0.251514253490754, 0.298876849508777, 0.355158285991835
0.298876849508777, 0.355158285991835, 0.422038067906474

0.251514253490754, 0.298876849508777, 0.355158285991835
0.298876849508777, 0.355158285991835, 0.422038067906474
0.355158285991835, 0.422038067906474, 0.501511967445198

0.211657141772546, 0.251514253490754, 0.298876849508777
0.251514253490754, 0.298876849508777, 0.355158285991835
0.298876849508777, 0.355158285991835, 0.422038067906474

0.251514253490754, 0.298876849508777, 0.355158285991835
0.298876849508777, 0.355158285991835, 0.422038067906474
0.355158285991835, 0.422038067906474, 0.501511967445198

0.298876849508777, 0.355158285991835, 0.422038067906474
0.355158285991835, 0.422038067906474, 0.501511967445198
0.422038067906474, 0.501511967445198, 0.595951580241076

0.126137408108658, 0.149890316820969, 0.178116130762230
0.149890316820969, 0.178116130762230, 0.211657141772546
0.178116130762230, 0.211657141772546, 0.251514253490754

0.149890316820969, 0.178116130762230, 0.211657141772546
0.178116130762230, 0.211657141772546, 0.251514253490754
0.211657141772546, 0.251514253490754, 0.298876849508777

0.178116130762230, 0.211657141772546, 0.251514253490754
0.211657141772546, 0.251514253490754, 0.298876849508777
0.251514253490754, 0.298876849508777, 0.355158285991835

0.149890316820969, 0.178116130762230, 0.211657141772546
0.178116130762230, 0.211657141772546, 0.251514253490754
0.211657141772546, 0.251514253490754, 0.298876849508777

0.178116130762230, 0.211657141772546, 0.251514253490754
0.211657141772546, 0.251514253490754, 0.298876849508777
0.251514253490754, 0.298876849508777, 0.355158285991835

0.211657141772546, 0.251514253490754, 0.298876849508777
0.251514253490754, 0.298876849508777, 0.355158285991835
0.298876849508777, 0.355158285991835, 0.422038067906474

0.178116130762230, 0.211657141772546, 0.251514253490754
0.211657141772546, 0.251514253490754, 0.298876849508777
0.251514253490754, 0.298876849508777, 0.355158285991835

0.211657141772546, 0.251514253490754, 0.298876849508777
0.251514253490754, 0.298876849508777, 0.355158285991835
0.298876849508777, 0.355158285991835, 0.422038067906474

0.251514253490754, 0.298876849508777, 0.355158285991835
0.298876849508777, 0.355158285991835, 0.422038067906474
0.355158285991835, 0.422038067906474, 0.501511967445198

0.149890316820969, 0.178116130762230, 0.211657141772546
0.178116130762230, 0.211657141772546, 0.251514253490754
0.211657141772546, 0.251514253490754, 0.298876849508777

0.178116130762230, 0.211657141772546, 0.251514253490754
0.211657141772546, 0.251514253490754, 0.298876849508777
0.251514253490754, 0.298876849508777, 0.355158285991835

0.211657141772546, 0.251514253490754, 0.298876849508777
0.251514253490754, 0.298876849508777, 0.355158285991835
0.298876849508777, 0.355158285991835, 0.422038067906474

0.178116130762230, 0.211657141772546, 0.251514253490754
0.211657141772546, 0.251514253490754, 0.298876849508777
0.251514253490754, 0.298876849508777, 0.355158285991835

0.211657141772546, 0.251514253490754, 0.298876849508777
0.251514253490754, 0.298876849508777, 0.355158285991835
0.298876849508777, 0.355158285991835, 0.422038067906474

0.251514253490754, 0.298876849508777, 0.355158285991835
0.298876849508777, 0.355158285991835, 0.422038067906474
0.355158285991835, 0.422038067906474, 0.501511967445198

0.211657141772546, 0.251514253490754, 0.298876849508777
0.251514253490754, 0.298876849508777, 0.355158285991835
0.298876849508777, 0.355158285991835, 0.422038067906474

0.251514253490754, 0.298876849508777, 0.355158285991835
0.298876849508777, 0.355158285991835, 0.422038067906474
0.355158285991835, 0.422038067906474, 0.501511967445198

0.298876849508777, 0.355158285991835, 0.422038067906474
0.355158285991835, 0.422038067906474, 0.501511967445198
0.422038067906474, 0.501511967445198, 0.595951580241076

0.178116130762230, 0.211657141772546, 0.251514253490754
0.211657141772546, 0.251514253490754, 0.298876849508777
0.251514253490754, 0.298876849508777, 0.355158285991835

0.211657141772546, 0.251514253490754, 0.298876849508777
0.251514253490754, 0.298876849508777, 0.355158285991835
0.298876849508777, 0.355158285991835, 0.422038067906474

0.251514253490754, 0.298876849508777, 0.355158285991835
0.298876849508777, 0.355158285991835, 0.422038067906474
0.355158285991835, 0.422038067906474, 0.501511967445198

0.211657141772546, 0.251514253490754, 0.298876849508777
0.251514253490754, 0.298876849508777, 0.355158285991835
0.298876849508777, 0.355158285991835, 0.422038067906474

0.251514253490754, 0.298876849508777, 0.355158285991835
0.298876849508777, 0.355158285991835, 0.422038067906474
0.355158285991835, 0.422038067906474, 0.501511967445198

0.298876849508777, 0.355158285991835, 0.422038067906474
0.355158285991835, 0.422038067906474, 0.501511967445198
0.422038067906474, 0.501511967445198, 0.595951580241076

0.251514253490754, 0.298876849508777, 0.355158285991835
0.298876849508777, 0.355158285991835, 0.422038067906474
0.355158285991835, 0.422038067906474, 0.501511967445198

0.298876849508777, 0.355158285991835, 0.422038067906474
0.355158285991835, 0.422038067906474, 0.501511967445198
0.422038067906474, 0.501511967445198, 0.595951580241076

0.355158285991835, 0.422038067906474, 0.501511967445198
0.422038067906474, 0.501511967445198, 0.595951580241076
0.501511967445198, 0.595951580241076, 0.708175096600550

0.106148589594177, 0.126137408108658, 0.149890316820969
0.126137408108658, 0.149890316820969, 0.178116130762230
0.149890316820969, 0.178116130762230, 0.211657141772546

0.126137408108658, 0.149890316820969, 0.178116130762230
0.149890316820969, 0.178116130762230, 0.211657141772546
0.178116130762230, 0.211657141772546, 0.251514253490754

0.149890316820969, 0.178116130762230, 0.211657141772546
0.178116130762230, 0.211657141772546, 0.251514253490754
0.211657141772546, 0.251514253490754, 0.298876849508777

0.126137408108658, 0.149890316820969, 0.178116130762230
0.149890316820969, 0.178116130762230, 0.211657141772546
0.178116130762230, 0.211657141772546, 0.251514253490754

0.149890316820969, 0.178116130762230, 0.211657141772546
0.178116130762230, 0.211657141772546, 0.251514253490754
0.211657141772546, 0.251514253490754, 0.298876849508777

0.178116130762230, 0.211657141772546, 0.251514253490754
0.211657141772546, 0.251514253490754, 0.298876849508777
0.251514253490754, 0.298876849508777, 0.355158285991835

0.149890316820969, 0.178116130762230, 0.211657141772546
0.178116130762230, 0.211657141772546, 0.251514253490754
0.211657141772546, 0.251514253490754, 0.298876849508777

0.178116130762230, 0.211657141772546, 0.251514253490754
0.211657141772546, 0.251514253490754, 0.298876849508777
0.251514253490754, 0.298876849508777, 0.355158285991835

0.211657141772546, 0.251514253490754, 0.298876849508777
0.251514253490754, 0.298876849508777, 0.355158285991835
0.298876849508777, 0.355158285991835, 0.422038067906474

0.126137408108658, 0.149890316820969, 0.178116130762230
0.149890316820969, 0.178116130762230, 0.211657141772546
0.178116130762230, 0.211657141772546, 0.251514253490754

0.149890316820969, 0.178116130762230, 0.211657141772546
0.178116130762230, 0.211657141772546, 0.251514253490754
0.211657141772546, 0.251514253490754, 0.298876849508777

0.178116130762230, 0.211657141772546, 0.251514253490754
0.211657141772546, 0.251514253490754, 0.298876849508777
0.251514253490754, 0.298876849508777, 0.355158285991835

0.149890316820969, 0.178116130762230, 0.211657141772546
0.178116130762230, 0.211657141772546, 0.251514253490754
0.211657141772546, 0.251514253490754, 0.298876849508777

0.178116130762230, 0.211657141772546, 0.251514253490754
0.211657141772546, 0.251514253490754, 0.298876849508777
0.251514253490754, 0.298876849508777, 0.355158285991835

0.211657141772546, 0.251514253490754, 0.298876849508777
0.251514253490754, 0.298876849508777, 0.355158285991835
0.298876849508777, 0.355158285991835, 0.422038067906474

0.178116130762230, 0.211657141772546, 0.251514253490754
0.211657141772546, 0.251514253490754, 0.298876849508777
0.251514253490754, 0.298876849508777, 0.355158285991835

0.211657141772546, 0.251514253490754, 0.298876849508777
0.251514253490754, 0.298876849508777, 0.355158285991835
0.298876849508777, 0.355158285991835, 0.422038067906474

0.251514253490754, 0.298876849508777, 0.355158285991835
0.298876849508777, 0.355158285991835, 0.422038067906474
0.355158285991835, 0.422038067906474, 0.501511967445198

0.149890316820969, 0.178116130762230, 0.211657141772546
0.178116130762230, 0.211657141772546, 0.251514253490754
0.211657141772546, 0.251514253490754, 0.298876849508777

0.178116130762230, 0.211657141772546, 0.251514253490754
0.211657141772546, 0.251514253490754, 0.298876849508777
0.251514253490754, 0.298876849508777, 0.355158285991835

0.211657141772546, 0.251514253490754, 0.298876849508777
0.251514253490754, 0.298876849508777, 0.355158285991835
0.298876849508777, 0.355158285991835, 0.422038067906474

0.178116130762230, 0.211657141772546, 0.251514253490754
0.211657141772546, 0.251514253490754, 0.298876849508777
0.251514253490754, 0.298876849508777, 0.355158285991835

0.211657141772546, 0.251514253490754, 0.298876849508777
0.251514253490754, 0.298876849508777, 0.355158285991835
0.298876849508777, 0.355158285991835, 0.422038067906474

0.251514253490754, 0.298876849508777, 0.355158285991835
0.298876849508777, 0.355158285991835, 0.422038067906474
0.355158285991835, 0.422038067906474, 0.501511967445198

0.211657141772546, 0.251514253490754, 0.298876849508777
0.251514253490754, 0.298876849508777, 0.355158285991835
0.298876849508777, 0.355158285991835, 0.422038067906474

0.251514253490754, 0.298876849508777, 0.355158285991835
0.298876849508777, 0.355158285991835, 0.422038067906474
0.355158285991835, 0.422038067906474, 0.501511967445198

0.298876849508777, 0.355158285991835, 0.422038067906474
0.355158285991835, 0.422038067906474, 0.501511967445198
0.422038067906474, 0.501511967445198, 0.595951580241076

0.126137408108658, 0.149890316820969, 0.178116130762230
0.149890316820969, 0.178116130762230, 0.211657141772546
0.178116130762230, 0.211657141772546, 0.251514253490754

0.149890316820969, 0.178116130762230, 0.211657141772546
0.178116130762230, 0.211657141772546, 0.251514253490754
0.211657141772546, 0.251514253490754, 0.298876849508777

0.178116130762230, 0.211657141772546, 0.251514253490754
0.211657141772546, 0.251514253490754, 0.298876849508777
0.251514253490754, 0.298876849508777, 0.355158285991835

0.149890316820969, 0.178116130762230, 0.211657141772546
0.178116130762230, 0.211657141772546, 0.251514253490754
0.211657141772546, 0.251514253490754, 0.298876849508777

0.178116130762230, 0.211657141772546, 0.251514253490754
0.211657141772546, 0.251514253490754, 0.298876849508777
0.251514253490754, 0.298876849508777, 0.355158285991835

0.211657141772546, 0.251514253490754, 0.298876849508777
0.251514253490754, 0.298876849508777, 0.355158285991835
0.298876849508777, 0.355158285991835, 0.422038067906474

0.178116130762230, 0.211657141772546, 0.251514253490754
0.211657141772546, 0.251514253490754, 0.298876849508777
0.251514253490754, 0.298876849508777, 0.355158285991835

0.211657141772546, 0.251514253490754, 0.298876849508777
0.251514253490754, 0.298876849508777, 0.355158285991835
0.298876849508777, 0.355158285991835, 0.422038067906474

0.251514253490754, 0.298876849508777, 0.355158285991835
0.298876849508777, 0.355158285991835, 0.422038067906474
0.355158285991835, 0.422038067906474, 0.501511967445198

0.149890316820969, 0.178116130762230, 0.211657141772546
0.178116130762230, 0.211657141772546, 0.251514253490754
0.211657141772546, 0.251514253490754, 0.298876849508777

0.178116130762230, 0.211657141772546, 0.251514253490754
0.211657141772546, 0.251514253490754, 0.298876849508777
0.251514253490754, 0.298876849508777, 0.355158285991835

0.211657141772546, 0.251514253490754, 0.298876849508777
0.251514253490754, 0.298876849508777, 0.355158285991835
0.298876849508777, 0.355158285991835, 0.422038067906474

0.178116130762230, 0.211657141772546, 0.251514253490754
0.211657141772546, 0.251514253490754, 0.298876849508777
0.251514253490754, 0.298876849508777, 0.355158285991835

0.211657141772546, 0.251514253490754, 0.298876849508777
0.251514253490754, 0.298876849508777, 0.355158285991835
0.298876849508777, 0.355158285991835, 0.422038067906474

0.251514253490754, 0.298876849508777, 0.355158285991835
0.298876849508777, 0.355158285991835, 0.422038067906474
0.355158285991835, 0.422038067906474, 0.501511967445198

0.211657141772546, 0.251514253490754, 0.298876849508777
0.251514253490754, 0.298876849508777, 0.355158285991835
0.298876849508777, 0.355158285991835, 0.422038067906474

0.251514253490754, 0.298876849508777, 0.355158285991835
0.298876849508777, 0.355158285991835, 0.422038067906474
0.355158285991835, 0.422038067906474, 0.501511967445198

0.298876849508777, 0.355158285991835, 0.422038067906474
0.355158285991835, 0.422038067906474, 0.501511967445198
0.422038067906474, 0.501511967445198, 0.595951580241076

0.178116130762230, 0.211657141772546, 0.251514253490754
0.211657141772546, 0.251514253490754, 0.298876849508777
0.251514253490754, 0.298876849508777, 0.355158285991835

0.211657141772546, 0.251514253490754, 0.298876849508777
0.251514253490754, 0.298876849508777, 0.355158285991835
0.298876849508777, 0.355158285991835, 0.422038067906474

0.251514253490754, 0.298876849508777, 0.355158285991835
0.298876849508777, 0.355158285991835, 0.422038067906474
0.355158285991835, 0.422038067906474, 0.501511967445198

0.211657141772546, 0.251514253490754, 0.298876849508777
0.251514253490754, 0.298876849508777, 0.355158285991835
0.298876849508777, 0.355158285991835, 0.422038067906474

0.251514253490754, 0.298876849508777, 0.355158285991835
0.298876849508777, 0.355158285991835, 0.422038067906474
0.355158285991835, 0.422038067906474, 0.501511967445198

0.298876849508777, 0.355158285991835, 0.422038067906474
0.355158285991835, 0.422038067906474, 0.501511967445198
0.422038067906474, 0.501511967445198, 0.595951580241076

0.251514253490754, 0.298876849508777, 0.355158285991835
0.298876849508777, 0.355158285991835, 0.422038067906474
0.355158285991835, 0.422038067906474, 0.501511967445198

0.298876849508777, 0.355158285991835, 0.422038067906474
0.355158285991835, 0.422038067906474, 0.501511967445198
0.422038067906474, 0.501511967445198, 0.595951580241076

0.355158285991835, 0.422038067906474, 0.501511967445198
0.422038067906474, 0.501511967445198, 0.595951580241076
0.501511967445198, 0.595951580241076, 0.708175096600550

0.149890316820969, 0.178116130762230, 0.211657141772546
0.178116130762230, 0.211657141772546, 0.251514253490754
0.211657141772546, 0.251514253490754, 0.298876849508777

0.178116130762230, 0.211657141772546, 0.251514253490754
0.211657141772546, 0.251514253490754, 0.298876849508777
0.251514253490754, 0.298876849508777, 0.355158285991835

0.211657141772546, 0.251514253490754, 0.298876849508777
0.251514253490754, 0.298876849508777, 0.355158285991835
0.298876849508777, 0.355158285991835, 0.422038067906474

0.178116130762230, 0.211657141772546, 0.251514253490754
0.211657141772546, 0.251514253490754, 0.298876849508777
0.251514253490754, 0.298876849508777, 0.355158285991835

0.211657141772546, 0.251514253490754, 0.298876849508777
0.251514253490754, 0.298876849508777, 0.355158285991835
0.298876849508777, 0.355158285991835, 0.422038067906474

0.251514253490754, 0.298876849508777, 0.355158285991835
0.298876849508777, 0.355158285991835, 0.422038067906474
0.355158285991835, 0.422038067906474, 0.501511967445198

0.211657141772546, 0.251514253490754, 0.298876849508777
0.251514253490754, 0.298876849508777, 0.355158285991835
0.298876849508777, 0.355158285991835, 0.422038067906474

0.251514253490754, 0.298876849508777, 0.355158285991835
0.298876849508777, 0.355158285991835, 0.422038067906474
0.355158285991835, 0.422038067906474, 0.501511967445198

0.298876849508777, 0.355158285991835, 0.422038067906474
0.355158285991835, 0.422038067906474, 0.501511967445198
0.422038067906474, 0.501511967445198, 0.595951580241076

0.178116130762230, 0.211657141772546, 0.251514253490754
0.211657141772546, 0.251514253490754, 0.298876849508777
0.251514253490754, 0.298876849508777, 0.355158285991835

0.211657141772546, 0.251514253490754, 0.298876849508777
0.251514253490754, 0.298876849508777, 0.355158285991835
0.298876849508777, 0.355158285991835, 0.422038067906474

0.251514253490754, 0.298876849508777, 0.355158285991835
0.298876849508777, 0.355158285991835, 0.422038067906474
0.355158285991835, 0.422038067906474, 0.501511967445198

0.211657141772546, 0.251514253490754, 0.298876849508777
0.251514253490754, 0.298876849508777, 0.355158285991835
0.298876849508777, 0.355158285991835, 0.422038067906474

0.251514253490754, 0.298876849508777, 0.355158285991835
0.298876849508777, 0.355158285991835, 0.422038067906474
0.355158285991835, 0.422038067906474, 0.501511967445198

0.298876849508777, 0.355158285991835, 0.422038067906474
0.355158285991835, 0.422038067906474, 0.501511967445198
0.422038067906474, 0.501511967445198, 0.595951580241076

0.251514253490754, 0.298876849508777, 0.355158285991835
0.298876849508777, 0.355158285991835, 0.422038067906474
0.355158285991835, 0.422038067906474, 0.501511967445198

0.298876849508777, 0.355158285991835, 0.422038067906474
0.355158285991835, 0.422038067906474, 0.501511967445198
0.422038067906474, 0.501511967445198, 0.595951580241076

0.355158285991835, 0.422038067906474, 0.501511967445198
0.422038067906474, 0.501511967445198, 0.595951580241076
0.501511967445198, 0.595951580241076, 0.708175096600550

0.211657141772546, 0.251514253490754, 0.298876849508777
0.251514253490754, 0.298876849508777, 0.355158285991835
0.298876849508777, 0.355158285991835, 0.422038067906474

0.251514253490754, 0.298876849508777, 0.355158285991835
0.298876849508777, 0.355158285991835, 0.422038067906474
0.355158285991835, 0.422038067906474, 0.501511967445198

0.298876849508777, 0.355158285991835, 0.422038067906474
0.355158285991835, 0.422038067906474, 0.501511967445198
0.422038067906474, 0.501511967445198, 0.595951580241076

0.251514253490754, 0.298876849508777, 0.355158285991835
0.298876849508777, 0.355158285991835, 0.422038067906474
0.355158285991835, 0.422038067906474, 0.501511967445198

0.298876849508777, 0.355158285991835, 0.422038067906474
0.355158285991835, 0.422038067906474, 0.501511967445198
0.422038067906474, 0.501511967445198, 0.595951580241076

0.355158285991835, 0.422038067906474, 0.501511967445198
0.422038067906474, 0.501511967445198, 0.595951580241076
0.501511967445198, 0.595951580241076, 0.708175096600550

0.298876849508777, 0.355158285991835, 0.422038067906474
0.355158285991835, 0.422038067906474, 0.501511967445198
0.422038067906474, 0.501511967445198, 0.595951580241076

0.355158285991835, 0.422038067906474, 0.501511967445198
0.422038067906474, 0.501511967445198, 0.595951580241076
0.501511967445198, 0.595951580241076, 0.708175096600550

0.422038067906474, 0.501511967445198, 0.595951580241076
0.501511967445198, 0.595951580241076, 0.708175096600550
0.595951580241076, 0.708175096600550, 0.841531399652176

0.126137408108658, 0.149890316820969, 0.178116130762230
0.149890316820969, 0.178116130762230, 0.211657141772546
0.178116130762230, 0.211657141772546, 0.251514253490754

0.149890316820969, 0.178116130762230, 0.211657141772546
0.178116130762230, 0.211657141772546, 0.251514253490754
0.211657141772546, 0.251514253490754, 0.298876849508777

0.178116130762230, 0.211657141772546, 0.251514253490754
0.211657141772546, 0.251514253490754, 0.298876849508777
0.251514253490754, 0.298876849508777, 0.355158285991835

0.149890316820969, 0.178116130762230, 0.211657141772546
0.178116130762230, 0.211657141772546, 0.251514253490754
0.211657141772546, 0.251514253490754, 0.298876849508777

0.178116130762230, 0.211657141772546, 0.251514253490754
0.211657141772546, 0.251514253490754, 0.298876849508777
0.251514253490754, 0.298876849508777, 0.355158285991835

0.211657141772546, 0.251514253490754, 0.298876849508777
0.251514253490754, 0.298876849508777, 0.355158285991835
0.298876849508777, 0.355158285991835, 0.422038067906474

0.178116130762230, 0.211657141772546, 0.251514253490754
0.211657141772546, 0.251514253490754, 0.298876849508777
0.251514253490754, 0.298876849508777, 0.355158285991835

0.211657141772546, 0.251514253490754, 0.298876849508777
0.251514253490754, 0.298876849508777, 0.355158285991835
0.298876849508777, 0.355158285991835, 0.422038067906474

0.251514253490754, 0.298876849508777, 0.355158285991835
0.298876849508777, 0.355158285991835, 0.422038067906474
0.355158285991835, 0.422038067906474, 0.501511967445198

0.149890316820969, 0.178116130762230, 0.211657141772546
0.178116130762230, 0.211657141772546, 0.251514253490754
0.211657141772546, 0.251514253490754, 0.298876849508777

0.178116130762230, 0.211657141772546, 0.251514253490754
0.211657141772546, 0.251514253490754, 0.298876849508777
0.251514253490754, 0.298876849508777, 0.355158285991835

0.211657141772546, 0.251514253490754, 0.298876849508777
0.251514253490754, 0.298876849508777, 0.355158285991835
0.298876849508777, 0.355158285991835, 0.422038067906474

0.178116130762230, 0.211657141772546, 0.251514253490754
0.211657141772546, 0.251514253490754, 0.298876849508777
0.251514253490754, 0.298876849508777, 0.355158285991835

0.211657141772546, 0.251514253490754, 0.298876849508777
0.251514253490754, 0.298876849508777, 0.355158285991835
0.298876849508777, 0.355158285991835, 0.422038067906474

0.251514253490754, 0.298876849508777, 0.355158285991835
0.298876849508777, 0.355158285991835, 0.422038067906474
0.355158285991835, 0.422038067906474, 0.501511967445198

0.211657141772546, 0.251514253490754, 0.298876849508777
0.251514253490754, 0.298876849508777, 0.355158285991835
0.298876849508777, 0.355158285991835, 0.422038067906474

0.251514253490754, 0.298876849508777, 0.355158285991835
0.298876849508777, 0.355158285991835, 0.422038067906474
0.355158285991835, 0.422038067906474, 0.501511967445198

0.298876849508777, 0.355158285991835, 0.422038067906474
0.355158285991835, 0.422038067906474, 0.501511967445198
0.422038067906474, 0.501511967445198, 0.595951580241076

0.178116130762230, 0.211657141772546, 0.251514253490754
0.211657141772546, 0.251514253490754, 0.298876849508777
0.251514253490754, 0.298876849508777, 0.355158285991835

0.211657141772546, 0.251514253490754, 0.298876849508777
0.251514253490754, 0.298876849508777, 0.355158285991835
0.298876849508777, 0.355158285991835, 0.422038067906474

0.251514253490754, 0.298876849508777, 0.355158285991835
0.298876849508777, 0.355158285991835, 0.422038067906474
0.355158285991835, 0.422038067906474, 0.501511967445198

0.211657141772546, 0.251514253490754, 0.298876849508777
0.251514253490754, 0.298876849508777, 0.355158285991835
0.298876849508777, 0.355158285991835, 0.422038067906474

0.251514253490754, 0.298876849508777, 0.355158285991835
0.298876849508777, 0.355158285991835, 0.422038067906474
0.355158285991835, 0.422038067906474, 0.501511967445198

0.298876849508777, 0.355158285991835, 0.422038067906474
0.355158285991835, 0.422038067906474, 0.501511967445198
0.422038067906474, 0.501511967445198, 0.595951580241076

0.251514253490754, 0.298876849508777, 0.355158285991835
0.298876849508777, 0.355158285991835, 0.422038067906474
0.355158285991835, 0.422038067906474, 0.501511967445198

0.298876849508777, 0.355158285991835, 0.422038067906474
0.355158285991835, 0.422038067906474, 0.501511967445198
0.422038067906474, 0.501511967445198, 0.595951580241076

0.355158285991835, 0.422038067906474, 0.501511967445198
0.422038067906474, 0.501511967445198, 0.595951580241076
0.501511967445198, 0.595951580241076, 0.708175096600550

0.149890316820969, 0.178116130762230, 0.211657141772546
0.178116130762230, 0.211657141772546, 0.251514253490754
0.211657141772546, 0.251514253490754, 0.298876849508777

0.178116130762230, 0.211657141772546, 0.251514253490754
0.211657141772546, 0.251514253490754, 0.298876849508777
0.251514253490754, 0.298876849508777, 0.355158285991835

0.211657141772546, 0.251514253490754, 0.298876849508777
0.251514253490754, 0.298876849508777, 0.355158285991835
0.298876849508777, 0.355158285991835, 0.422038067906474

0.178116130762230, 0.211657141772546, 0.251514253490754
0.211657141772546, 0.251514253490754, 0.298876849508777
0.251514253490754, 0.298876849508777, 0.355158285991835

0.211657141772546, 0.251514253490754, 0.298876849508777
0.251514253490754, 0.298876849508777, 0.355158285991835
0.298876849508777, 0.355158285991835, 0.422038067906474

0.251514253490754, 0.298876849508777, 0.355158285991835
0.298876849508777, 0.355158285991835, 0.422038067906474
0.355158285991835, 0.422038067906474, 0.501511967445198

0.211657141772546, 0.251514253490754, 0.298876849508777
0.251514253490754, 0.298876849508777, 0.355158285991835
0.298876849508777, 0.355158285991835, 0.422038067906474

0.251514253490754, 0.298876849508777, 0.355158285991835
0.298876849508777, 0.355158285991835, 0.422038067906474
0.355158285991835, 0.422038067906474, 0.501511967445198

0.298876849508777, 0.355158285991835, 0.422038067906474
0.355158285991835, 0.422038067906474, 0.501511967445198
0.422038067906474, 0.501511967445198, 0.595951580241076

0.178116130762230, 0.211657141772546, 0.251514253490754
0.211657141772546, 0.251514253490754, 0.298876849508777
0.251514253490754, 0.298876849508777, 0.355158285991835

0.211657141772546, 0.251514253490754, 0.298876849508777
0.251514253490754, 0.298876849508777, 0.355158285991835
0.298876849508777, 0.355158285991835, 0.422038067906474

0.251514253490754, 0.298876849508777, 0.355158285991835
0.298876849508777, 0.355158285991835, 0.422038067906474
0.355158285991835, 0.422038067906474, 0.501511967445198

0.211657141772546, 0.251514253490754, 0.298876849508777
0.251514253490754, 0.298876849508777, 0.355158285991835
0.298876849508777, 0.355158285991835, 0.422038067906474

0.251514253490754, 0.298876849508777, 0.355158285991835
0.298876849508777, 0.355158285991835, 0.422038067906474
0.355158285991835, 0.422038067906474, 0.501511967445198

0.298876849508777, 0.355158285991835, 0.422038067906474
0.355158285991835, 0.422038067906474, 0.501511967445198
0.422038067906474, 0.501511967445198, 0.595951580241076

0.251514253490754, 0.298876849508777, 0.355158285991835
0.298876849508777, 0.355158285991835, 0.422038067906474
0.355158285991835, 0.422038067906474, 0.501511967445198

0.298876849508777, 0.355158285991835, 0.422038067906474
0.355158285991835, 0.422038067906474, 0.501511967445198
0.422038067906474, 0.501511967445198, 0.595951580241076

0.355158285991835, 0.422038067906474, 0.501511967445198
0.422038067906474, 0.501511967445198, 0.595951580241076
0.501511967445198, 0.595951580241076, 0.708175096600550

0.211657141772546, 0.251514253490754, 0.298876849508777
0.251514253490754, 0.298876849508777, 0.355158285991835
0.298876849508777, 0.355158285991835, 0.422038067906474

0.251514253490754, 0.298876849508777, 0.355158285991835
0.298876849508777, 0.355158285991835, 0.422038067906474
0.355158285991835, 0.422038067906474, 0.501511967445198

0.298876849508777, 0.355158285991835, 0.422038067906474
0.355158285991835, 0.422038067906474, 0.501511967445198
0.422038067906474, 0.501511967445198, 0.595951580241076

0.251514253490754, 0.298876849508777, 0.355158285991835
0.298876849508777, 0.355158285991835, 0.422038067906474
0.355158285991835, 0.422038067906474, 0.501511967445198

0.298876849508777, 0.355158285991835, 0.422038067906474
0.355158285991835, 0.422038067906474, 0.501511967445198
0.422038067906474, 0.501511967445198, 0.595951580241076

0.355158285991835, 0.422038067906474, 0.501511967445198
0.422038067906474, 0.501511967445198, 0.595951580241076
0.501511967445198, 0.595951580241076, 0.708175096600550

0.298876849508777, 0.355158285991835, 0.422038067906474
0.355158285991835, 0.422038067906474, 0.501511967445198
0.422038067906474, 0.501511967445198, 0.595951580241076

0.355158285991835, 0.422038067906474, 0.501511967445198
0.422038067906474, 0.501511967445198, 0.595951580241076
0.501511967445198, 0.595951580241076, 0.708175096600550

0.422038067906474, 0.501511967445198, 0.595951580241076
0.501511967445198, 0.595951580241076, 0.708175096600550
0.595951580241076, 0.708175096600550, 0.841531399652176

0.178116130762230, 0.211657141772546, 0.251514253490754
0.211657141772546, 0.251514253490754, 0.298876849508777
0.251514253490754, 0.298876849508777, 0.355158285991835

0.211657141772546, 0.251514253490754, 0.298876849508777
0.251514253490754, 0.298876849508777, 0.355158285991835
0.298876849508777, 0.355158285991835, 0.422038067906474

0.251514253490754, 0.298876849508777, 0.355158285991835
0.298876849508777, 0.355158285991835, 0.422038067906474
0.355158285991835, 0.422038067906474, 0.501511967445198

0.211657141772546, 0.251514253490754, 0.298876849508777
0.251514253490754, 0.298876849508777, 0.355158285991835
0.298876849508777, 0.355158285991835, 0.422038067906474

0.251514253490754, 0.298876849508777, 0.355158285991835
0.298876849508777, 0.355158285991835, 0.422038067906474
0.355158285991835, 0.422038067906474, 0.501511967445198

0.298876849508777, 0.355158285991835, 0.422038067906474
0.355158285991835, 0.422038067906474, 0.501511967445198
0.422038067906474, 0.501511967445198, 0.595951580241076

0.251514253490754, 0.298876849508777, 0.355158285991835
0.298876849508777, 0.355158285991835, 0.422038067906474
0.355158285991835, 0.422038067906474, 0.501511967445198

0.298876849508777, 0.355158285991835, 0.422038067906474
0.355158285991835, 0.422038067906474, 0.501511967445198
0.422038067906474, 0.501511967445198, 0.595951580241076

0.355158285991835, 0.422038067906474, 0.501511967445198
0.422038067906474, 0.501511967445198, 0.595951580241076
0.501511967445198, 0.595951580241076, 0.708175096600550

0.211657141772546, 0.251514253490754, 0.298876849508777
0.251514253490754, 0.298876849508777, 0.355158285991835
0.298876849508777, 0.355158285991835, 0.422038067906474

0.251514253490754, 0.298876849508777, 0.355158285991835
0.298876849508777, 0.355158285991835, 0.422038067906474
0.355158285991835, 0.422038067906474, 0.501511967445198

0.298876849508777, 0.355158285991835, 0.422038067906474
0.355158285991835, 0.422038067906474, 0.501511967445198
0.422038067906474, 0.501511967445198, 0.595951580241076

0.251514253490754, 0.298876849508777, 0.355158285991835
0.298876849508777, 0.355158285991835, 0.422038067906474
0.355158285991835, 0.422038067906474, 0.501511967445198

0.298876849508777, 0.355158285991835, 0.422038067906474
0.355158285991835, 0.422038067906474, 0.501511967445198
0.422038067906474, 0.501511967445198, 0.595951580241076

0.355158285991835, 0.422038067906474, 0.501511967445198
0.422038067906474, 0.501511967445198, 0.595951580241076
0.501511967445198, 0.595951580241076, 0.708175096600550

0.298876849508777, 0.355158285991835, 0.422038067906474
0.355158285991835, 0.422038067906474, 0.501511967445198
0.422038067906474, 0.501511967445198, 0.595951580241076

0.355158285991835, 0.422038067906474, 0.501511967445198
0.422038067906474, 0.501511967445198, 0.595951580241076
0.501511967445198, 0.595951580241076, 0.708175096600550

0.422038067906474, 0.501511967445198, 0.595951580241076
0.501511967445198, 0.595951580241076, 0.708175096600550
0.595951580241076, 0.708175096600550, 0.841531399652176

0.251514253490754, 0.298876849508777, 0.355158285991835
0.298876849508777, 0.355158285991835, 0.422038067906474
0.355158285991835, 0.422038067906474, 0.501511967445198

0.298876849508777, 0.355158285991835, 0.422038067906474
0.355158285991835, 0.422038067906474, 0.501511967445198
0.422038067906474, 0.501511967445198, 0.595951580241076

0.355158285991835, 0.422038067906474, 0.501511967445198
0.422038067906474, 0.501511967445198, 0.595951580241076
0.501511967445198, 0.595951580241076, 0.708175096600550

0.298876849508777, 0.355158285991835, 0.422038067906474
0.355158285991835, 0.422038067906474, 0.501511967445198
0.422038067906474, 0.501511967445198, 0.595951580241076

0.355158285991835, 0.422038067906474, 0.501511967445198
0.422038067906474, 0.501511967445198, 0.595951580241076
0.501511967445198, 0.595951580241076, 0.708175096600550

0.422038067906474, 0.501511967445198, 0.595951580241076
0.501511967445198, 0.595951580241076, 0.708175096600550
0.595951580241076, 0.708175096600550, 0.841531399652176

0.355158285991835, 0.422038067906474, 0.501511967445198
0.422038067906474, 0.501511967445198, 0.595951580241076
0.501511967445198, 0.595951580241076, 0.708175096600550

0.422038067906474, 0.501511967445198, 0.595951580241076
0.501511967445198, 0.595951580241076, 0.708175096600550
0.595951580241076, 0.708175096600550, 0.841531399652176

0.501511967445198, 0.595951580241076, 0.708175096600550
0.595951580241076, 0.708175096600550, 0.841531399652176
0.708175096600550, 0.841531399652176, 1.00000000000000
 