Attribute names:	P0	P1	P2	P3	P4
Minor allele frequencies:	0.500	0.500	0.500	0.500	0.500
x: 0.810904985958898
y: 0.0211816517053975
Prevalence: 0.900997289910989
Heritability: 0.0100000000000000

Table:

0.810904985958898, 0.828081292937650, 0.845621422468411
0.828081292937650, 0.845621422468411, 0.863533080913759
0.845621422468411, 0.863533080913759, 0.881824137869764

0.828081292937650, 0.845621422468411, 0.863533080913759
0.845621422468411, 0.863533080913759, 0.881824137869764
0.863533080913759, 0.881824137869764, 0.900502629623533

0.845621422468411, 0.863533080913759, 0.881824137869764
0.863533080913759, 0.881824137869764, 0.900502629623533
0.881824137869764, 0.900502629623533, 0.919576762684014

0.828081292937650, 0.845621422468411, 0.863533080913759
0.845621422468411, 0.863533080913759, 0.881824137869764
0.863533080913759, 0.881824137869764, 0.900502629623533

0.845621422468411, 0.863533080913759, 0.881824137869764
0.863533080913759, 0.881824137869764, 0.900502629623533
0.881824137869764, 0.900502629623533, 0.919576762684014

0.863533080913759, 0.881824137869764, 0.900502629623533
0.881824137869764, 0.900502629623533, 0.919576762684014
0.900502629623533, 0.919576762684014, 0.939054917387563

0.845621422468411, 0.863533080913759, 0.881824137869764
0.863533080913759, 0.881824137869764, 0.900502629623533
0.881824137869764, 0.900502629623533, 0.919576762684014

0.863533080913759, 0.881824137869764, 0.900502629623533
0.881824137869764, 0.900502629623533, 0.919576762684014
0.900502629623533, 0.919576762684014, 0.939054917387563

0.881824137869764, 0.900502629623533, 0.919576762684014
0.900502629623533, 0.919576762684014, 0.939054917387563
0.919576762684014, 0.939054917387563, 0.958945651579908

0.828081292937650, 0.845621422468411, 0.863533080913759
0.845621422468411, 0.863533080913759, 0.881824137869764
0.863533080913759, 0.881824137869764, 0.900502629623533

0.845621422468411, 0.863533080913759, 0.881824137869764
0.863533080913759, 0.881824137869764, 0.900502629623533
0.881824137869764, 0.900502629623533, 0.919576762684014

0.863533080913759, 0.881824137869764, 0.900502629623533
0.881824137869764, 0.900502629623533, 0.919576762684014
0.900502629623533, 0.919576762684014, 0.939054917387563

0.845621422468411, 0.863533080913759, 0.881824137869764
0.863533080913759, 0.881824137869764, 0.900502629623533
0.881824137869764, 0.900502629623533, 0.919576762684014

0.863533080913759, 0.881824137869764, 0.900502629623533
0.881824137869764, 0.900502629623533, 0.919576762684014
0.900502629623533, 0.919576762684014, 0.939054917387563

0.881824137869764, 0.900502629623533, 0.919576762684014
0.900502629623533, 0.919576762684014, 0.939054917387563
0.919576762684014, 0.939054917387563, 0.958945651579908

0.863533080913759, 0.881824137869764, 0.900502629623533
0.881824137869764, 0.900502629623533, 0.919576762684014
0.900502629623533, 0.919576762684014, 0.939054917387563

0.881824137869764, 0.900502629623533, 0.919576762684014
0.900502629623533, 0.919576762684014, 0.939054917387563
0.919576762684014, 0.939054917387563, 0.958945651579908

0.900502629623533, 0.919576762684014, 0.939054917387563
0.919576762684014, 0.939054917387563, 0.958945651579908
0.939054917387563, 0.958945651579908, 0.979257704376079

0.845621422468411, 0.863533080913759, 0.881824137869764
0.863533080913759, 0.881824137869764, 0.900502629623533
0.881824137869764, 0.900502629623533, 0.919576762684014

0.863533080913759, 0.881824137869764, 0.900502629623533
0.881824137869764, 0.900502629623533, 0.919576762684014
0.900502629623533, 0.919576762684014, 0.939054917387563

0.881824137869764, 0.900502629623533, 0.919576762684014
0.900502629623533, 0.919576762684014, 0.939054917387563
0.919576762684014, 0.939054917387563, 0.958945651579908

0.863533080913759, 0.881824137869764, 0.900502629623533
0.881824137869764, 0.900502629623533, 0.919576762684014
0.900502629623533, 0.919576762684014, 0.939054917387563

0.881824137869764, 0.900502629623533, 0.919576762684014
0.900502629623533, 0.919576762684014, 0.939054917387563
0.919576762684014, 0.939054917387563, 0.958945651579908

0.900502629623533, 0.919576762684014, 0.939054917387563
0.919576762684014, 0.939054917387563, 0.958945651579908
0.939054917387563, 0.958945651579908, 0.979257704376079

0.881824137869764, 0.900502629623533, 0.919576762684014
0.900502629623533, 0.919576762684014, 0.939054917387563
0.919576762684014, 0.939054917387563, 0.958945651579908

0.900502629623533, 0.919576762684014, 0.939054917387563
0.919576762684014, 0.939054917387563, 0.958945651579908
0.939054917387563, 0.958945651579908, 0.979257704376079

0.919576762684014, 0.939054917387563, 0.958945651579908
0.939054917387563, 0.958945651579908, 0.979257704376079
0.958945651579908, 0.979257704376079, 1.00000000000000
 