Attribute names:	P0	P1	P2	P3	P4	P5
Minor allele frequencies:	0.500	0.500	0.500	0.500	0.500	0.500
x: 1.14174358338089e-9
y: 4.56163672711029
Prevalence: 0.00177563961311144
Heritability: 0.200000000000000

Table:

1.14174358338089E-9, 6.34996304627366E-9, 3.53161876939488E-8
6.34996304627366E-9, 3.53161876939488E-8, 1.96415806540186E-7
3.53161876939488E-8, 1.96415806540186E-7, 0.00000109239336343889

6.34996304627366E-9, 3.53161876939488E-8, 1.96415806540186E-7
3.53161876939488E-8, 1.96415806540186E-7, 0.00000109239336343889
1.96415806540186E-7, 0.00000109239336343889, 0.00000607549505055327

3.53161876939488E-8, 1.96415806540186E-7, 0.00000109239336343889
1.96415806540186E-7, 0.00000109239336343889, 0.00000607549505055327
0.00000109239336343889, 0.00000607549505055327, 0.0000337896964085339

6.34996304627366E-9, 3.53161876939488E-8, 1.96415806540186E-7
3.53161876939488E-8, 1.96415806540186E-7, 0.00000109239336343889
1.96415806540186E-7, 0.00000109239336343889, 0.00000607549505055327

3.53161876939488E-8, 1.96415806540186E-7, 0.00000109239336343889
1.96415806540186E-7, 0.00000109239336343889, 0.00000607549505055327
0.00000109239336343889, 0.00000607549505055327, 0.0000337896964085339

1.96415806540186E-7, 0.00000109239336343889, 0.00000607549505055327
0.00000109239336343889, 0.00000607549505055327, 0.0000337896964085339
0.00000607549505055327, 0.0000337896964085339, 0.000187926016543609

3.53161876939488E-8, 1.96415806540186E-7, 0.00000109239336343889
1.96415806540186E-7, 0.00000109239336343889, 0.00000607549505055327
0.00000109239336343889, 0.00000607549505055327, 0.0000337896964085339

1.96415806540186E-7, 0.00000109239336343889, 0.00000607549505055327
0.00000109239336343889, 0.00000607549505055327, 0.0000337896964085339
0.00000607549505055327, 0.0000337896964085339, 0.000187926016543609

0.00000109239336343889, 0.00000607549505055327, 0.0000337896964085339
0.00000607549505055327, 0.0000337896964085339, 0.000187926016543609
0.0000337896964085339, 0.000187926016543609, 0.00104517623558847

6.34996304627366E-9, 3.53161876939488E-8, 1.96415806540186E-7
3.53161876939488E-8, 1.96415806540186E-7, 0.00000109239336343889
1.96415806540186E-7, 0.00000109239336343889, 0.00000607549505055327

3.53161876939488E-8, 1.96415806540186E-7, 0.00000109239336343889
1.96415806540186E-7, 0.00000109239336343889, 0.00000607549505055327
0.00000109239336343889, 0.00000607549505055327, 0.0000337896964085339

1.96415806540186E-7, 0.00000109239336343889, 0.00000607549505055327
0.00000109239336343889, 0.00000607549505055327, 0.0000337896964085339
0.00000607549505055327, 0.0000337896964085339, 0.000187926016543609

3.53161876939488E-8, 1.96415806540186E-7, 0.00000109239336343889
1.96415806540186E-7, 0.00000109239336343889, 0.00000607549505055327
0.00000109239336343889, 0.00000607549505055327, 0.0000337896964085339

1.96415806540186E-7, 0.00000109239336343889, 0.00000607549505055327
0.00000109239336343889, 0.00000607549505055327, 0.0000337896964085339
0.00000607549505055327, 0.0000337896964085339, 0.000187926016543609

0.00000109239336343889, 0.00000607549505055327, 0.0000337896964085339
0.00000607549505055327, 0.0000337896964085339, 0.000187926016543609
0.0000337896964085339, 0.000187926016543609, 0.00104517623558847

1.96415806540186E-7, 0.00000109239336343889, 0.00000607549505055327
0.00000109239336343889, 0.00000607549505055327, 0.0000337896964085339
0.00000607549505055327, 0.0000337896964085339, 0.000187926016543609

0.00000109239336343889, 0.00000607549505055327, 0.0000337896964085339
0.00000607549505055327, 0.0000337896964085339, 0.000187926016543609
0.0000337896964085339, 0.000187926016543609, 0.00104517623558847

0.00000607549505055327, 0.0000337896964085339, 0.000187926016543609
0.0000337896964085339, 0.000187926016543609, 0.00104517623558847
0.000187926016543609, 0.00104517623558847, 0.00581289053815173

3.53161876939488E-8, 1.96415806540186E-7, 0.00000109239336343889
1.96415806540186E-7, 0.00000109239336343889, 0.00000607549505055327
0.00000109239336343889, 0.00000607549505055327, 0.0000337896964085339

1.96415806540186E-7, 0.00000109239336343889, 0.00000607549505055327
0.00000109239336343889, 0.00000607549505055327, 0.0000337896964085339
0.00000607549505055327, 0.0000337896964085339, 0.000187926016543609

0.00000109239336343889, 0.00000607549505055327, 0.0000337896964085339
0.00000607549505055327, 0.0000337896964085339, 0.000187926016543609
0.0000337896964085339, 0.000187926016543609, 0.00104517623558847

1.96415806540186E-7, 0.00000109239336343889, 0.00000607549505055327
0.00000109239336343889, 0.00000607549505055327, 0.0000337896964085339
0.00000607549505055327, 0.0000337896964085339, 0.000187926016543609

0.00000109239336343889, 0.00000607549505055327, 0.0000337896964085339
0.00000607549505055327, 0.0000337896964085339, 0.000187926016543609
0.0000337896964085339, 0.000187926016543609, 0.00104517623558847

0.00000607549505055327, 0.0000337896964085339, 0.000187926016543609
0.0000337896964085339, 0.000187926016543609, 0.00104517623558847
0.000187926016543609, 0.00104517623558847, 0.00581289053815173

0.00000109239336343889, 0.00000607549505055327, 0.0000337896964085339
0.00000607549505055327, 0.0000337896964085339, 0.000187926016543609
0.0000337896964085339, 0.000187926016543609, 0.00104517623558847

0.00000607549505055327, 0.0000337896964085339, 0.000187926016543609
0.0000337896964085339, 0.000187926016543609, 0.00104517623558847
0.000187926016543609, 0.00104517623558847, 0.00581289053815173

0.0000337896964085339, 0.000187926016543609, 0.00104517623558847
0.000187926016543609, 0.00104517623558847, 0.00581289053815173
0.00104517623558847, 0.00581289053815173, 0.0323291855076566

6.34996304627366E-9, 3.53161876939488E-8, 1.96415806540186E-7
3.53161876939488E-8, 1.96415806540186E-7, 0.00000109239336343889
1.96415806540186E-7, 0.00000109239336343889, 0.00000607549505055327

3.53161876939488E-8, 1.96415806540186E-7, 0.00000109239336343889
1.96415806540186E-7, 0.00000109239336343889, 0.00000607549505055327
0.00000109239336343889, 0.00000607549505055327, 0.0000337896964085339

1.96415806540186E-7, 0.00000109239336343889, 0.00000607549505055327
0.00000109239336343889, 0.00000607549505055327, 0.0000337896964085339
0.00000607549505055327, 0.0000337896964085339, 0.000187926016543609

3.53161876939488E-8, 1.96415806540186E-7, 0.00000109239336343889
1.96415806540186E-7, 0.00000109239336343889, 0.00000607549505055327
0.00000109239336343889, 0.00000607549505055327, 0.0000337896964085339

1.96415806540186E-7, 0.00000109239336343889, 0.00000607549505055327
0.00000109239336343889, 0.00000607549505055327, 0.0000337896964085339
0.00000607549505055327, 0.0000337896964085339, 0.000187926016543609

0.00000109239336343889, 0.00000607549505055327, 0.0000337896964085339
0.00000607549505055327, 0.0000337896964085339, 0.000187926016543609
0.0000337896964085339, 0.000187926016543609, 0.00104517623558847

1.96415806540186E-7, 0.00000109239336343889, 0.00000607549505055327
0.00000109239336343889, 0.00000607549505055327, 0.0000337896964085339
0.00000607549505055327, 0.0000337896964085339, 0.000187926016543609

0.00000109239336343889, 0.00000607549505055327, 0.0000337896964085339
0.00000607549505055327, 0.0000337896964085339, 0.000187926016543609
0.0000337896964085339, 0.000187926016543609, 0.00104517623558847

0.00000607549505055327, 0.0000337896964085339, 0.000187926016543609
0.0000337896964085339, 0.000187926016543609, 0.00104517623558847
0.000187926016543609, 0.00104517623558847, 0.00581289053815173

3.53161876939488E-8, 1.96415806540186E-7, 0.00000109239336343889
1.96415806540186E-7, 0.00000109239336343889, 0.00000607549505055327
0.00000109239336343889, 0.00000607549505055327, 0.0000337896964085339

1.96415806540186E-7, 0.00000109239336343889, 0.00000607549505055327
0.00000109239336343889, 0.00000607549505055327, 0.0000337896964085339
0.00000607549505055327, 0.0000337896964085339, 0.000187926016543609

0.00000109239336343889, 0.00000607549505055327, 0.0000337896964085339
0.00000607549505055327, 0.0000337896964085339, 0.000187926016543609
0.0000337896964085339, 0.000187926016543609, 0.00104517623558847

1.96415806540186E-7, 0.00000109239336343889, 0.00000607549505055327
0.00000109239336343889, 0.00000607549505055327, 0.0000337896964085339
0.00000607549505055327, 0.0000337896964085339, 0.000187926016543609

0.00000109239336343889, 0.00000607549505055327, 0.0000337896964085339
0.00000607549505055327, 0.0000337896964085339, 0.000187926016543609
0.0000337896964085339, 0.000187926016543609, 0.00104517623558847

0.00000607549505055327, 0.0000337896964085339, 0.000187926016543609
0.0000337896964085339, 0.000187926016543609, 0.00104517623558847
0.000187926016543609, 0.00104517623558847, 0.00581289053815173

0.00000109239336343889, 0.00000607549505055327, 0.0000337896964085339
0.00000607549505055327, 0.0000337896964085339, 0.000187926016543609
0.0000337896964085339, 0.000187926016543609, 0.00104517623558847

0.00000607549505055327, 0.0000337896964085339, 0.000187926016543609
0.0000337896964085339, 0.000187926016543609, 0.00104517623558847
0.000187926016543609, 0.00104517623558847, 0.00581289053815173

0.0000337896964085339, 0.000187926016543609, 0.00104517623558847
0.000187926016543609, 0.00104517623558847, 0.00581289053815173
0.00104517623558847, 0.00581289053815173, 0.0323291855076566

1.96415806540186E-7, 0.00000109239336343889, 0.00000607549505055327
0.00000109239336343889, 0.00000607549505055327, 0.0000337896964085339
0.00000607549505055327, 0.0000337896964085339, 0.000187926016543609

0.00000109239336343889, 0.00000607549505055327, 0.0000337896964085339
0.00000607549505055327, 0.0000337896964085339, 0.000187926016543609
0.0000337896964085339, 0.000187926016543609, 0.00104517623558847

0.00000607549505055327, 0.0000337896964085339, 0.000187926016543609
0.0000337896964085339, 0.000187926016543609, 0.00104517623558847
0.000187926016543609, 0.00104517623558847, 0.00581289053815173

0.00000109239336343889, 0.00000607549505055327, 0.0000337896964085339
0.00000607549505055327, 0.0000337896964085339, 0.000187926016543609
0.0000337896964085339, 0.000187926016543609, 0.00104517623558847

0.00000607549505055327, 0.0000337896964085339, 0.000187926016543609
0.0000337896964085339, 0.000187926016543609, 0.00104517623558847
0.000187926016543609, 0.00104517623558847, 0.00581289053815173

0.0000337896964085339, 0.000187926016543609, 0.00104517623558847
0.000187926016543609, 0.00104517623558847, 0.00581289053815173
0.00104517623558847, 0.00581289053815173, 0.0323291855076566

0.00000607549505055327, 0.0000337896964085339, 0.000187926016543609
0.0000337896964085339, 0.000187926016543609, 0.00104517623558847
0.000187926016543609, 0.00104517623558847, 0.00581289053815173

0.0000337896964085339, 0.000187926016543609, 0.00104517623558847
0.000187926016543609, 0.00104517623558847, 0.00581289053815173
0.00104517623558847, 0.00581289053815173, 0.0323291855076566

0.000187926016543609, 0.00104517623558847, 0.00581289053815173
0.00104517623558847, 0.00581289053815173, 0.0323291855076566
0.00581289053815173, 0.0323291855076566, 0.179803185476945

3.53161876939488E-8, 1.96415806540186E-7, 0.00000109239336343889
1.96415806540186E-7, 0.00000109239336343889, 0.00000607549505055327
0.00000109239336343889, 0.00000607549505055327, 0.0000337896964085339

1.96415806540186E-7, 0.00000109239336343889, 0.00000607549505055327
0.00000109239336343889, 0.00000607549505055327, 0.0000337896964085339
0.00000607549505055327, 0.0000337896964085339, 0.000187926016543609

0.00000109239336343889, 0.00000607549505055327, 0.0000337896964085339
0.00000607549505055327, 0.0000337896964085339, 0.000187926016543609
0.0000337896964085339, 0.000187926016543609, 0.00104517623558847

1.96415806540186E-7, 0.00000109239336343889, 0.00000607549505055327
0.00000109239336343889, 0.00000607549505055327, 0.0000337896964085339
0.00000607549505055327, 0.0000337896964085339, 0.000187926016543609

0.00000109239336343889, 0.00000607549505055327, 0.0000337896964085339
0.00000607549505055327, 0.0000337896964085339, 0.000187926016543609
0.0000337896964085339, 0.000187926016543609, 0.00104517623558847

0.00000607549505055327, 0.0000337896964085339, 0.000187926016543609
0.0000337896964085339, 0.000187926016543609, 0.00104517623558847
0.000187926016543609, 0.00104517623558847, 0.00581289053815173

0.00000109239336343889, 0.00000607549505055327, 0.0000337896964085339
0.00000607549505055327, 0.0000337896964085339, 0.000187926016543609
0.0000337896964085339, 0.000187926016543609, 0.00104517623558847

0.00000607549505055327, 0.0000337896964085339, 0.000187926016543609
0.0000337896964085339, 0.000187926016543609, 0.00104517623558847
0.000187926016543609, 0.00104517623558847, 0.00581289053815173

0.0000337896964085339, 0.000187926016543609, 0.00104517623558847
0.000187926016543609, 0.00104517623558847, 0.00581289053815173
0.00104517623558847, 0.00581289053815173, 0.0323291855076566

1.96415806540186E-7, 0.00000109239336343889, 0.00000607549505055327
0.00000109239336343889, 0.00000607549505055327, 0.0000337896964085339
0.00000607549505055327, 0.0000337896964085339, 0.000187926016543609

0.00000109239336343889, 0.00000607549505055327, 0.0000337896964085339
0.00000607549505055327, 0.0000337896964085339, 0.000187926016543609
0.0000337896964085339, 0.000187926016543609, 0.00104517623558847

0.00000607549505055327, 0.0000337896964085339, 0.000187926016543609
0.0000337896964085339, 0.000187926016543609, 0.00104517623558847
0.000187926016543609, 0.00104517623558847, 0.00581289053815173

0.00000109239336343889, 0.00000607549505055327, 0.0000337896964085339
0.00000607549505055327, 0.0000337896964085339, 0.000187926016543609
0.0000337896964085339, 0.000187926016543609, 0.00104517623558847

0.00000607549505055327, 0.0000337896964085339, 0.000187926016543609
0.0000337896964085339, 0.000187926016543609, 0.00104517623558847
0.000187926016543609, 0.00104517623558847, 0.00581289053815173

0.0000337896964085339, 0.000187926016543609, 0.00104517623558847
0.000187926016543609, 0.00104517623558847, 0.00581289053815173
0.00104517623558847, 0.00581289053815173, 0.0323291855076566

0.00000607549505055327, 0.0000337896964085339, 0.000187926016543609
0.0000337896964085339, 0.000187926016543609, 0.00104517623558847
0.000187926016543609, 0.00104517623558847, 0.00581289053815173

0.0000337896964085339, 0.000187926016543609, 0.00104517623558847
0.000187926016543609, 0.00104517623558847, 0.00581289053815173
0.00104517623558847, 0.00581289053815173, 0.0323291855076566

0.000187926016543609, 0.00104517623558847, 0.00581289053815173
0.00104517623558847, 0.00581289053815173, 0.0323291855076566
0.00581289053815173, 0.0323291855076566, 0.179803185476945

0.00000109239336343889, 0.00000607549505055327, 0.0000337896964085339
0.00000607549505055327, 0.0000337896964085339, 0.000187926016543609
0.0000337896964085339, 0.000187926016543609, 0.00104517623558847

0.00000607549505055327, 0.0000337896964085339, 0.000187926016543609
0.0000337896964085339, 0.000187926016543609, 0.00104517623558847
0.000187926016543609, 0.00104517623558847, 0.00581289053815173

0.0000337896964085339, 0.000187926016543609, 0.00104517623558847
0.000187926016543609, 0.00104517623558847, 0.00581289053815173
0.00104517623558847, 0.00581289053815173, 0.0323291855076566

0.00000607549505055327, 0.0000337896964085339, 0.000187926016543609
0.0000337896964085339, 0.000187926016543609, 0.00104517623558847
0.000187926016543609, 0.00104517623558847, 0.00581289053815173

0.0000337896964085339, 0.000187926016543609, 0.00104517623558847
0.000187926016543609, 0.00104517623558847, 0.00581289053815173
0.00104517623558847, 0.00581289053815173, 0.0323291855076566

0.000187926016543609, 0.00104517623558847, 0.00581289053815173
0.00104517623558847, 0.00581289053815173, 0.0323291855076566
0.00581289053815173, 0.0323291855076566, 0.179803185476945

0.0000337896964085339, 0.000187926016543609, 0.00104517623558847
0.000187926016543609, 0.00104517623558847, 0.00581289053815173
0.00104517623558847, 0.00581289053815173, 0.0323291855076566

0.000187926016543609, 0.00104517623558847, 0.00581289053815173
0.00104517623558847, 0.00581289053815173, 0.0323291855076566
0.00581289053815173, 0.0323291855076566, 0.179803185476945

0.00104517623558847, 0.00581289053815173, 0.0323291855076566
0.00581289053815173, 0.0323291855076566, 0.179803185476945
0.0323291855076566, 0.179803185476945, 1.00000000000000
 