Attribute names:	P0	P1	P2	P3	P4
Minor allele frequencies:	0.500	0.500	0.500	0.500	0.500
x: 2.23559242176971e-10
y: 8.22700459999804
Prevalence: 0.00273260705357149
Heritability: 0.400000000000000

Table:

2.23559242176971E-10, 2.06278215593899E-9, 1.90333004416429E-8
2.06278215593899E-9, 1.90333004416429E-8, 1.75620350728184E-7
1.90333004416429E-8, 1.75620350728184E-7, 0.00000162044978402222

2.06278215593899E-9, 1.90333004416429E-8, 1.75620350728184E-7
1.90333004416429E-8, 1.75620350728184E-7, 0.00000162044978402222
1.75620350728184E-7, 0.00000162044978402222, 0.0000149518976112389

1.90333004416429E-8, 1.75620350728184E-7, 0.00000162044978402222
1.75620350728184E-7, 0.00000162044978402222, 0.0000149518976112389
0.00000162044978402222, 0.0000149518976112389, 0.000137961228037601

2.06278215593899E-9, 1.90333004416429E-8, 1.75620350728184E-7
1.90333004416429E-8, 1.75620350728184E-7, 0.00000162044978402222
1.75620350728184E-7, 0.00000162044978402222, 0.0000149518976112389

1.90333004416429E-8, 1.75620350728184E-7, 0.00000162044978402222
1.75620350728184E-7, 0.00000162044978402222, 0.0000149518976112389
0.00000162044978402222, 0.0000149518976112389, 0.000137961228037601

1.75620350728184E-7, 0.00000162044978402222, 0.0000149518976112389
0.00000162044978402222, 0.0000149518976112389, 0.000137961228037601
0.0000149518976112389, 0.000137961228037601, 0.00127296888572432

1.90333004416429E-8, 1.75620350728184E-7, 0.00000162044978402222
1.75620350728184E-7, 0.00000162044978402222, 0.0000149518976112389
0.00000162044978402222, 0.0000149518976112389, 0.000137961228037601

1.75620350728184E-7, 0.00000162044978402222, 0.0000149518976112389
0.00000162044978402222, 0.0000149518976112389, 0.000137961228037601
0.0000149518976112389, 0.000137961228037601, 0.00127296888572432

0.00000162044978402222, 0.0000149518976112389, 0.000137961228037601
0.0000149518976112389, 0.000137961228037601, 0.00127296888572432
0.000137961228037601, 0.00127296888572432, 0.0117456897642327

2.06278215593899E-9, 1.90333004416429E-8, 1.75620350728184E-7
1.90333004416429E-8, 1.75620350728184E-7, 0.00000162044978402222
1.75620350728184E-7, 0.00000162044978402222, 0.0000149518976112389

1.90333004416429E-8, 1.75620350728184E-7, 0.00000162044978402222
1.75620350728184E-7, 0.00000162044978402222, 0.0000149518976112389
0.00000162044978402222, 0.0000149518976112389, 0.000137961228037601

1.75620350728184E-7, 0.00000162044978402222, 0.0000149518976112389
0.00000162044978402222, 0.0000149518976112389, 0.000137961228037601
0.0000149518976112389, 0.000137961228037601, 0.00127296888572432

1.90333004416429E-8, 1.75620350728184E-7, 0.00000162044978402222
1.75620350728184E-7, 0.00000162044978402222, 0.0000149518976112389
0.00000162044978402222, 0.0000149518976112389, 0.000137961228037601

1.75620350728184E-7, 0.00000162044978402222, 0.0000149518976112389
0.00000162044978402222, 0.0000149518976112389, 0.000137961228037601
0.0000149518976112389, 0.000137961228037601, 0.00127296888572432

0.00000162044978402222, 0.0000149518976112389, 0.000137961228037601
0.0000149518976112389, 0.000137961228037601, 0.00127296888572432
0.000137961228037601, 0.00127296888572432, 0.0117456897642327

1.75620350728184E-7, 0.00000162044978402222, 0.0000149518976112389
0.00000162044978402222, 0.0000149518976112389, 0.000137961228037601
0.0000149518976112389, 0.000137961228037601, 0.00127296888572432

0.00000162044978402222, 0.0000149518976112389, 0.000137961228037601
0.0000149518976112389, 0.000137961228037601, 0.00127296888572432
0.000137961228037601, 0.00127296888572432, 0.0117456897642327

0.0000149518976112389, 0.000137961228037601, 0.00127296888572432
0.000137961228037601, 0.00127296888572432, 0.0117456897642327
0.00127296888572432, 0.0117456897642327, 0.108377533484725

1.90333004416429E-8, 1.75620350728184E-7, 0.00000162044978402222
1.75620350728184E-7, 0.00000162044978402222, 0.0000149518976112389
0.00000162044978402222, 0.0000149518976112389, 0.000137961228037601

1.75620350728184E-7, 0.00000162044978402222, 0.0000149518976112389
0.00000162044978402222, 0.0000149518976112389, 0.000137961228037601
0.0000149518976112389, 0.000137961228037601, 0.00127296888572432

0.00000162044978402222, 0.0000149518976112389, 0.000137961228037601
0.0000149518976112389, 0.000137961228037601, 0.00127296888572432
0.000137961228037601, 0.00127296888572432, 0.0117456897642327

1.75620350728184E-7, 0.00000162044978402222, 0.0000149518976112389
0.00000162044978402222, 0.0000149518976112389, 0.000137961228037601
0.0000149518976112389, 0.000137961228037601, 0.00127296888572432

0.00000162044978402222, 0.0000149518976112389, 0.000137961228037601
0.0000149518976112389, 0.000137961228037601, 0.00127296888572432
0.000137961228037601, 0.00127296888572432, 0.0117456897642327

0.0000149518976112389, 0.000137961228037601, 0.00127296888572432
0.000137961228037601, 0.00127296888572432, 0.0117456897642327
0.00127296888572432, 0.0117456897642327, 0.108377533484725

0.00000162044978402222, 0.0000149518976112389, 0.000137961228037601
0.0000149518976112389, 0.000137961228037601, 0.00127296888572432
0.000137961228037601, 0.00127296888572432, 0.0117456897642327

0.0000149518976112389, 0.000137961228037601, 0.00127296888572432
0.000137961228037601, 0.00127296888572432, 0.0117456897642327
0.00127296888572432, 0.0117456897642327, 0.108377533484725

0.000137961228037601, 0.00127296888572432, 0.0117456897642327
0.00127296888572432, 0.0117456897642327, 0.108377533484725
0.0117456897642327, 0.108377533484725, 1.00000000000000
 