Attribute names:	P0	P1	P2	P3	P4
Minor allele frequencies:	0.500	0.500	0.500	0.500	0.500
x: 5.39765685136352e-7
y: 3.23427902168295
Prevalence: 0.00813718166143864
Heritability: 0.200000000000000

Table:

5.39765685136352E-7, 0.00000228551851719718, 0.00000967752311103595
0.00000228551851719718, 0.00000967752311103595, 0.0000409773330909115
0.00000967752311103595, 0.0000409773330909115, 0.000173509461871361

0.00000228551851719718, 0.00000967752311103595, 0.0000409773330909115
0.00000967752311103595, 0.0000409773330909115, 0.000173509461871361
0.0000409773330909115, 0.000173509461871361, 0.000734687474465403

0.00000967752311103595, 0.0000409773330909115, 0.000173509461871361
0.0000409773330909115, 0.000173509461871361, 0.000734687474465403
0.000173509461871361, 0.000734687474465403, 0.00311087176062209

0.00000228551851719718, 0.00000967752311103595, 0.0000409773330909115
0.00000967752311103595, 0.0000409773330909115, 0.000173509461871361
0.0000409773330909115, 0.000173509461871361, 0.000734687474465403

0.00000967752311103595, 0.0000409773330909115, 0.000173509461871361
0.0000409773330909115, 0.000173509461871361, 0.000734687474465403
0.000173509461871361, 0.000734687474465403, 0.00311087176062209

0.0000409773330909115, 0.000173509461871361, 0.000734687474465403
0.000173509461871361, 0.000734687474465403, 0.00311087176062209
0.000734687474465403, 0.00311087176062209, 0.0131722990351480

0.00000967752311103595, 0.0000409773330909115, 0.000173509461871361
0.0000409773330909115, 0.000173509461871361, 0.000734687474465403
0.000173509461871361, 0.000734687474465403, 0.00311087176062209

0.0000409773330909115, 0.000173509461871361, 0.000734687474465403
0.000173509461871361, 0.000734687474465403, 0.00311087176062209
0.000734687474465403, 0.00311087176062209, 0.0131722990351480

0.000173509461871361, 0.000734687474465403, 0.00311087176062209
0.000734687474465403, 0.00311087176062209, 0.0131722990351480
0.00311087176062209, 0.0131722990351480, 0.0557751894718618

0.00000228551851719718, 0.00000967752311103595, 0.0000409773330909115
0.00000967752311103595, 0.0000409773330909115, 0.000173509461871361
0.0000409773330909115, 0.000173509461871361, 0.000734687474465403

0.00000967752311103595, 0.0000409773330909115, 0.000173509461871361
0.0000409773330909115, 0.000173509461871361, 0.000734687474465403
0.000173509461871361, 0.000734687474465403, 0.00311087176062209

0.0000409773330909115, 0.000173509461871361, 0.000734687474465403
0.000173509461871361, 0.000734687474465403, 0.00311087176062209
0.000734687474465403, 0.00311087176062209, 0.0131722990351480

0.00000967752311103595, 0.0000409773330909115, 0.000173509461871361
0.0000409773330909115, 0.000173509461871361, 0.000734687474465403
0.000173509461871361, 0.000734687474465403, 0.00311087176062209

0.0000409773330909115, 0.000173509461871361, 0.000734687474465403
0.000173509461871361, 0.000734687474465403, 0.00311087176062209
0.000734687474465403, 0.00311087176062209, 0.0131722990351480

0.000173509461871361, 0.000734687474465403, 0.00311087176062209
0.000734687474465403, 0.00311087176062209, 0.0131722990351480
0.00311087176062209, 0.0131722990351480, 0.0557751894718618

0.0000409773330909115, 0.000173509461871361, 0.000734687474465403
0.000173509461871361, 0.000734687474465403, 0.00311087176062209
0.000734687474465403, 0.00311087176062209, 0.0131722990351480

0.000173509461871361, 0.000734687474465403, 0.00311087176062209
0.000734687474465403, 0.00311087176062209, 0.0131722990351480
0.00311087176062209, 0.0131722990351480, 0.0557751894718618

0.000734687474465403, 0.00311087176062209, 0.0131722990351480
0.00311087176062209, 0.0131722990351480, 0.0557751894718618
0.0131722990351480, 0.0557751894718618, 0.236167714711096

0.00000967752311103595, 0.0000409773330909115, 0.000173509461871361
0.0000409773330909115, 0.000173509461871361, 0.000734687474465403
0.000173509461871361, 0.000734687474465403, 0.00311087176062209

0.0000409773330909115, 0.000173509461871361, 0.000734687474465403
0.000173509461871361, 0.000734687474465403, 0.00311087176062209
0.000734687474465403, 0.00311087176062209, 0.0131722990351480

0.000173509461871361, 0.000734687474465403, 0.00311087176062209
0.000734687474465403, 0.00311087176062209, 0.0131722990351480
0.00311087176062209, 0.0131722990351480, 0.0557751894718618

0.0000409773330909115, 0.000173509461871361, 0.000734687474465403
0.000173509461871361, 0.000734687474465403, 0.00311087176062209
0.000734687474465403, 0.00311087176062209, 0.0131722990351480

0.000173509461871361, 0.000734687474465403, 0.00311087176062209
0.000734687474465403, 0.00311087176062209, 0.0131722990351480
0.00311087176062209, 0.0131722990351480, 0.0557751894718618

0.000734687474465403, 0.00311087176062209, 0.0131722990351480
0.00311087176062209, 0.0131722990351480, 0.0557751894718618
0.0131722990351480, 0.0557751894718618, 0.236167714711096

0.000173509461871361, 0.000734687474465403, 0.00311087176062209
0.000734687474465403, 0.00311087176062209, 0.0131722990351480
0.00311087176062209, 0.0131722990351480, 0.0557751894718618

0.000734687474465403, 0.00311087176062209, 0.0131722990351480
0.00311087176062209, 0.0131722990351480, 0.0557751894718618
0.0131722990351480, 0.0557751894718618, 0.236167714711096

0.00311087176062209, 0.0131722990351480, 0.0557751894718618
0.0131722990351480, 0.0557751894718618, 0.236167714711096
0.0557751894718618, 0.236167714711096, 1.00000000000000
 