Attribute names:	P0	P1	P2	P3	P4	P5	P6
Minor allele frequencies:	0.200	0.200	0.200	0.200	0.200	0.200	0.200
x: 8.08890470090183e-14
y: 7.61292636652997
Prevalence: 3.41768240907570e-8
Heritability: 0.0100000000000000

Table:

8.08890470090183E-14, 6.96691405747456E-13, 6.00055177789710E-12
6.96691405747456E-13, 6.00055177789710E-12, 5.16823106215782E-11
6.00055177789710E-12, 5.16823106215782E-11, 4.45135935835783E-10

6.96691405747456E-13, 6.00055177789710E-12, 5.16823106215782E-11
6.00055177789710E-12, 5.16823106215782E-11, 4.45135935835783E-10
5.16823106215782E-11, 4.45135935835783E-10, 3.83392303845001E-9

6.00055177789710E-12, 5.16823106215782E-11, 4.45135935835783E-10
5.16823106215782E-11, 4.45135935835783E-10, 3.83392303845001E-9
4.45135935835783E-10, 3.83392303845001E-9, 3.30212968251128E-8

6.96691405747456E-13, 6.00055177789710E-12, 5.16823106215782E-11
6.00055177789710E-12, 5.16823106215782E-11, 4.45135935835783E-10
5.16823106215782E-11, 4.45135935835783E-10, 3.83392303845001E-9

6.00055177789710E-12, 5.16823106215782E-11, 4.45135935835783E-10
5.16823106215782E-11, 4.45135935835783E-10, 3.83392303845001E-9
4.45135935835783E-10, 3.83392303845001E-9, 3.30212968251128E-8

5.16823106215782E-11, 4.45135935835783E-10, 3.83392303845001E-9
4.45135935835783E-10, 3.83392303845001E-9, 3.30212968251128E-8
3.83392303845001E-9, 3.30212968251128E-8, 2.84409998082027E-7

6.00055177789710E-12, 5.16823106215782E-11, 4.45135935835783E-10
5.16823106215782E-11, 4.45135935835783E-10, 3.83392303845001E-9
4.45135935835783E-10, 3.83392303845001E-9, 3.30212968251128E-8

5.16823106215782E-11, 4.45135935835783E-10, 3.83392303845001E-9
4.45135935835783E-10, 3.83392303845001E-9, 3.30212968251128E-8
3.83392303845001E-9, 3.30212968251128E-8, 2.84409998082027E-7

4.45135935835783E-10, 3.83392303845001E-9, 3.30212968251128E-8
3.83392303845001E-9, 3.30212968251128E-8, 2.84409998082027E-7
3.30212968251128E-8, 2.84409998082027E-7, 0.00000244960237138543

6.96691405747456E-13, 6.00055177789710E-12, 5.16823106215782E-11
6.00055177789710E-12, 5.16823106215782E-11, 4.45135935835783E-10
5.16823106215782E-11, 4.45135935835783E-10, 3.83392303845001E-9

6.00055177789710E-12, 5.16823106215782E-11, 4.45135935835783E-10
5.16823106215782E-11, 4.45135935835783E-10, 3.83392303845001E-9
4.45135935835783E-10, 3.83392303845001E-9, 3.30212968251128E-8

5.16823106215782E-11, 4.45135935835783E-10, 3.83392303845001E-9
4.45135935835783E-10, 3.83392303845001E-9, 3.30212968251128E-8
3.83392303845001E-9, 3.30212968251128E-8, 2.84409998082027E-7

6.00055177789710E-12, 5.16823106215782E-11, 4.45135935835783E-10
5.16823106215782E-11, 4.45135935835783E-10, 3.83392303845001E-9
4.45135935835783E-10, 3.83392303845001E-9, 3.30212968251128E-8

5.16823106215782E-11, 4.45135935835783E-10, 3.83392303845001E-9
4.45135935835783E-10, 3.83392303845001E-9, 3.30212968251128E-8
3.83392303845001E-9, 3.30212968251128E-8, 2.84409998082027E-7

4.45135935835783E-10, 3.83392303845001E-9, 3.30212968251128E-8
3.83392303845001E-9, 3.30212968251128E-8, 2.84409998082027E-7
3.30212968251128E-8, 2.84409998082027E-7, 0.00000244960237138543

5.16823106215782E-11, 4.45135935835783E-10, 3.83392303845001E-9
4.45135935835783E-10, 3.83392303845001E-9, 3.30212968251128E-8
3.83392303845001E-9, 3.30212968251128E-8, 2.84409998082027E-7

4.45135935835783E-10, 3.83392303845001E-9, 3.30212968251128E-8
3.83392303845001E-9, 3.30212968251128E-8, 2.84409998082027E-7
3.30212968251128E-8, 2.84409998082027E-7, 0.00000244960237138543

3.83392303845001E-9, 3.30212968251128E-8, 2.84409998082027E-7
3.30212968251128E-8, 2.84409998082027E-7, 0.00000244960237138543
2.84409998082027E-7, 0.00000244960237138543, 0.0000210982448520199

6.00055177789710E-12, 5.16823106215782E-11, 4.45135935835783E-10
5.16823106215782E-11, 4.45135935835783E-10, 3.83392303845001E-9
4.45135935835783E-10, 3.83392303845001E-9, 3.30212968251128E-8

5.16823106215782E-11, 4.45135935835783E-10, 3.83392303845001E-9
4.45135935835783E-10, 3.83392303845001E-9, 3.30212968251128E-8
3.83392303845001E-9, 3.30212968251128E-8, 2.84409998082027E-7

4.45135935835783E-10, 3.83392303845001E-9, 3.30212968251128E-8
3.83392303845001E-9, 3.30212968251128E-8, 2.84409998082027E-7
3.30212968251128E-8, 2.84409998082027E-7, 0.00000244960237138543

5.16823106215782E-11, 4.45135935835783E-10, 3.83392303845001E-9
4.45135935835783E-10, 3.83392303845001E-9, 3.30212968251128E-8
3.83392303845001E-9, 3.30212968251128E-8, 2.84409998082027E-7

4.45135935835783E-10, 3.83392303845001E-9, 3.30212968251128E-8
3.83392303845001E-9, 3.30212968251128E-8, 2.84409998082027E-7
3.30212968251128E-8, 2.84409998082027E-7, 0.00000244960237138543

3.83392303845001E-9, 3.30212968251128E-8, 2.84409998082027E-7
3.30212968251128E-8, 2.84409998082027E-7, 0.00000244960237138543
2.84409998082027E-7, 0.00000244960237138543, 0.0000210982448520199

4.45135935835783E-10, 3.83392303845001E-9, 3.30212968251128E-8
3.83392303845001E-9, 3.30212968251128E-8, 2.84409998082027E-7
3.30212968251128E-8, 2.84409998082027E-7, 0.00000244960237138543

3.83392303845001E-9, 3.30212968251128E-8, 2.84409998082027E-7
3.30212968251128E-8, 2.84409998082027E-7, 0.00000244960237138543
2.84409998082027E-7, 0.00000244960237138543, 0.0000210982448520199

3.30212968251128E-8, 2.84409998082027E-7, 0.00000244960237138543
2.84409998082027E-7, 0.00000244960237138543, 0.0000210982448520199
0.00000244960237138543, 0.0000210982448520199, 0.000181717629373467

6.96691405747456E-13, 6.00055177789710E-12, 5.16823106215782E-11
6.00055177789710E-12, 5.16823106215782E-11, 4.45135935835783E-10
5.16823106215782E-11, 4.45135935835783E-10, 3.83392303845001E-9

6.00055177789710E-12, 5.16823106215782E-11, 4.45135935835783E-10
5.16823106215782E-11, 4.45135935835783E-10, 3.83392303845001E-9
4.45135935835783E-10, 3.83392303845001E-9, 3.30212968251128E-8

5.16823106215782E-11, 4.45135935835783E-10, 3.83392303845001E-9
4.45135935835783E-10, 3.83392303845001E-9, 3.30212968251128E-8
3.83392303845001E-9, 3.30212968251128E-8, 2.84409998082027E-7

6.00055177789710E-12, 5.16823106215782E-11, 4.45135935835783E-10
5.16823106215782E-11, 4.45135935835783E-10, 3.83392303845001E-9
4.45135935835783E-10, 3.83392303845001E-9, 3.30212968251128E-8

5.16823106215782E-11, 4.45135935835783E-10, 3.83392303845001E-9
4.45135935835783E-10, 3.83392303845001E-9, 3.30212968251128E-8
3.83392303845001E-9, 3.30212968251128E-8, 2.84409998082027E-7

4.45135935835783E-10, 3.83392303845001E-9, 3.30212968251128E-8
3.83392303845001E-9, 3.30212968251128E-8, 2.84409998082027E-7
3.30212968251128E-8, 2.84409998082027E-7, 0.00000244960237138543

5.16823106215782E-11, 4.45135935835783E-10, 3.83392303845001E-9
4.45135935835783E-10, 3.83392303845001E-9, 3.30212968251128E-8
3.83392303845001E-9, 3.30212968251128E-8, 2.84409998082027E-7

4.45135935835783E-10, 3.83392303845001E-9, 3.30212968251128E-8
3.83392303845001E-9, 3.30212968251128E-8, 2.84409998082027E-7
3.30212968251128E-8, 2.84409998082027E-7, 0.00000244960237138543

3.83392303845001E-9, 3.30212968251128E-8, 2.84409998082027E-7
3.30212968251128E-8, 2.84409998082027E-7, 0.00000244960237138543
2.84409998082027E-7, 0.00000244960237138543, 0.0000210982448520199

6.00055177789710E-12, 5.16823106215782E-11, 4.45135935835783E-10
5.16823106215782E-11, 4.45135935835783E-10, 3.83392303845001E-9
4.45135935835783E-10, 3.83392303845001E-9, 3.30212968251128E-8

5.16823106215782E-11, 4.45135935835783E-10, 3.83392303845001E-9
4.45135935835783E-10, 3.83392303845001E-9, 3.30212968251128E-8
3.83392303845001E-9, 3.30212968251128E-8, 2.84409998082027E-7

4.45135935835783E-10, 3.83392303845001E-9, 3.30212968251128E-8
3.83392303845001E-9, 3.30212968251128E-8, 2.84409998082027E-7
3.30212968251128E-8, 2.84409998082027E-7, 0.00000244960237138543

5.16823106215782E-11, 4.45135935835783E-10, 3.83392303845001E-9
4.45135935835783E-10, 3.83392303845001E-9, 3.30212968251128E-8
3.83392303845001E-9, 3.30212968251128E-8, 2.84409998082027E-7

4.45135935835783E-10, 3.83392303845001E-9, 3.30212968251128E-8
3.83392303845001E-9, 3.30212968251128E-8, 2.84409998082027E-7
3.30212968251128E-8, 2.84409998082027E-7, 0.00000244960237138543

3.83392303845001E-9, 3.30212968251128E-8, 2.84409998082027E-7
3.30212968251128E-8, 2.84409998082027E-7, 0.00000244960237138543
2.84409998082027E-7, 0.00000244960237138543, 0.0000210982448520199

4.45135935835783E-10, 3.83392303845001E-9, 3.30212968251128E-8
3.83392303845001E-9, 3.30212968251128E-8, 2.84409998082027E-7
3.30212968251128E-8, 2.84409998082027E-7, 0.00000244960237138543

3.83392303845001E-9, 3.30212968251128E-8, 2.84409998082027E-7
3.30212968251128E-8, 2.84409998082027E-7, 0.00000244960237138543
2.84409998082027E-7, 0.00000244960237138543, 0.0000210982448520199

3.30212968251128E-8, 2.84409998082027E-7, 0.00000244960237138543
2.84409998082027E-7, 0.00000244960237138543, 0.0000210982448520199
0.00000244960237138543, 0.0000210982448520199, 0.000181717629373467

5.16823106215782E-11, 4.45135935835783E-10, 3.83392303845001E-9
4.45135935835783E-10, 3.83392303845001E-9, 3.30212968251128E-8
3.83392303845001E-9, 3.30212968251128E-8, 2.84409998082027E-7

4.45135935835783E-10, 3.83392303845001E-9, 3.30212968251128E-8
3.83392303845001E-9, 3.30212968251128E-8, 2.84409998082027E-7
3.30212968251128E-8, 2.84409998082027E-7, 0.00000244960237138543

3.83392303845001E-9, 3.30212968251128E-8, 2.84409998082027E-7
3.30212968251128E-8, 2.84409998082027E-7, 0.00000244960237138543
2.84409998082027E-7, 0.00000244960237138543, 0.0000210982448520199

4.45135935835783E-10, 3.83392303845001E-9, 3.30212968251128E-8
3.83392303845001E-9, 3.30212968251128E-8, 2.84409998082027E-7
3.30212968251128E-8, 2.84409998082027E-7, 0.00000244960237138543

3.83392303845001E-9, 3.30212968251128E-8, 2.84409998082027E-7
3.30212968251128E-8, 2.84409998082027E-7, 0.00000244960237138543
2.84409998082027E-7, 0.00000244960237138543, 0.0000210982448520199

3.30212968251128E-8, 2.84409998082027E-7, 0.00000244960237138543
2.84409998082027E-7, 0.00000244960237138543, 0.0000210982448520199
0.00000244960237138543, 0.0000210982448520199, 0.000181717629373467

3.83392303845001E-9, 3.30212968251128E-8, 2.84409998082027E-7
3.30212968251128E-8, 2.84409998082027E-7, 0.00000244960237138543
2.84409998082027E-7, 0.00000244960237138543, 0.0000210982448520199

3.30212968251128E-8, 2.84409998082027E-7, 0.00000244960237138543
2.84409998082027E-7, 0.00000244960237138543, 0.0000210982448520199
0.00000244960237138543, 0.0000210982448520199, 0.000181717629373467

2.84409998082027E-7, 0.00000244960237138543, 0.0000210982448520199
0.00000244960237138543, 0.0000210982448520199, 0.000181717629373467
0.0000210982448520199, 0.000181717629373467, 0.00156512056129406

6.00055177789710E-12, 5.16823106215782E-11, 4.45135935835783E-10
5.16823106215782E-11, 4.45135935835783E-10, 3.83392303845001E-9
4.45135935835783E-10, 3.83392303845001E-9, 3.30212968251128E-8

5.16823106215782E-11, 4.45135935835783E-10, 3.83392303845001E-9
4.45135935835783E-10, 3.83392303845001E-9, 3.30212968251128E-8
3.83392303845001E-9, 3.30212968251128E-8, 2.84409998082027E-7

4.45135935835783E-10, 3.83392303845001E-9, 3.30212968251128E-8
3.83392303845001E-9, 3.30212968251128E-8, 2.84409998082027E-7
3.30212968251128E-8, 2.84409998082027E-7, 0.00000244960237138543

5.16823106215782E-11, 4.45135935835783E-10, 3.83392303845001E-9
4.45135935835783E-10, 3.83392303845001E-9, 3.30212968251128E-8
3.83392303845001E-9, 3.30212968251128E-8, 2.84409998082027E-7

4.45135935835783E-10, 3.83392303845001E-9, 3.30212968251128E-8
3.83392303845001E-9, 3.30212968251128E-8, 2.84409998082027E-7
3.30212968251128E-8, 2.84409998082027E-7, 0.00000244960237138543

3.83392303845001E-9, 3.30212968251128E-8, 2.84409998082027E-7
3.30212968251128E-8, 2.84409998082027E-7, 0.00000244960237138543
2.84409998082027E-7, 0.00000244960237138543, 0.0000210982448520199

4.45135935835783E-10, 3.83392303845001E-9, 3.30212968251128E-8
3.83392303845001E-9, 3.30212968251128E-8, 2.84409998082027E-7
3.30212968251128E-8, 2.84409998082027E-7, 0.00000244960237138543

3.83392303845001E-9, 3.30212968251128E-8, 2.84409998082027E-7
3.30212968251128E-8, 2.84409998082027E-7, 0.00000244960237138543
2.84409998082027E-7, 0.00000244960237138543, 0.0000210982448520199

3.30212968251128E-8, 2.84409998082027E-7, 0.00000244960237138543
2.84409998082027E-7, 0.00000244960237138543, 0.0000210982448520199
0.00000244960237138543, 0.0000210982448520199, 0.000181717629373467

5.16823106215782E-11, 4.45135935835783E-10, 3.83392303845001E-9
4.45135935835783E-10, 3.83392303845001E-9, 3.30212968251128E-8
3.83392303845001E-9, 3.30212968251128E-8, 2.84409998082027E-7

4.45135935835783E-10, 3.83392303845001E-9, 3.30212968251128E-8
3.83392303845001E-9, 3.30212968251128E-8, 2.84409998082027E-7
3.30212968251128E-8, 2.84409998082027E-7, 0.00000244960237138543

3.83392303845001E-9, 3.30212968251128E-8, 2.84409998082027E-7
3.30212968251128E-8, 2.84409998082027E-7, 0.00000244960237138543
2.84409998082027E-7, 0.00000244960237138543, 0.0000210982448520199

4.45135935835783E-10, 3.83392303845001E-9, 3.30212968251128E-8
3.83392303845001E-9, 3.30212968251128E-8, 2.84409998082027E-7
3.30212968251128E-8, 2.84409998082027E-7, 0.00000244960237138543

3.83392303845001E-9, 3.30212968251128E-8, 2.84409998082027E-7
3.30212968251128E-8, 2.84409998082027E-7, 0.00000244960237138543
2.84409998082027E-7, 0.00000244960237138543, 0.0000210982448520199

3.30212968251128E-8, 2.84409998082027E-7, 0.00000244960237138543
2.84409998082027E-7, 0.00000244960237138543, 0.0000210982448520199
0.00000244960237138543, 0.0000210982448520199, 0.000181717629373467

3.83392303845001E-9, 3.30212968251128E-8, 2.84409998082027E-7
3.30212968251128E-8, 2.84409998082027E-7, 0.00000244960237138543
2.84409998082027E-7, 0.00000244960237138543, 0.0000210982448520199

3.30212968251128E-8, 2.84409998082027E-7, 0.00000244960237138543
2.84409998082027E-7, 0.00000244960237138543, 0.0000210982448520199
0.00000244960237138543, 0.0000210982448520199, 0.000181717629373467

2.84409998082027E-7, 0.00000244960237138543, 0.0000210982448520199
0.00000244960237138543, 0.0000210982448520199, 0.000181717629373467
0.0000210982448520199, 0.000181717629373467, 0.00156512056129406

4.45135935835783E-10, 3.83392303845001E-9, 3.30212968251128E-8
3.83392303845001E-9, 3.30212968251128E-8, 2.84409998082027E-7
3.30212968251128E-8, 2.84409998082027E-7, 0.00000244960237138543

3.83392303845001E-9, 3.30212968251128E-8, 2.84409998082027E-7
3.30212968251128E-8, 2.84409998082027E-7, 0.00000244960237138543
2.84409998082027E-7, 0.00000244960237138543, 0.0000210982448520199

3.30212968251128E-8, 2.84409998082027E-7, 0.00000244960237138543
2.84409998082027E-7, 0.00000244960237138543, 0.0000210982448520199
0.00000244960237138543, 0.0000210982448520199, 0.000181717629373467

3.83392303845001E-9, 3.30212968251128E-8, 2.84409998082027E-7
3.30212968251128E-8, 2.84409998082027E-7, 0.00000244960237138543
2.84409998082027E-7, 0.00000244960237138543, 0.0000210982448520199

3.30212968251128E-8, 2.84409998082027E-7, 0.00000244960237138543
2.84409998082027E-7, 0.00000244960237138543, 0.0000210982448520199
0.00000244960237138543, 0.0000210982448520199, 0.000181717629373467

2.84409998082027E-7, 0.00000244960237138543, 0.0000210982448520199
0.00000244960237138543, 0.0000210982448520199, 0.000181717629373467
0.0000210982448520199, 0.000181717629373467, 0.00156512056129406

3.30212968251128E-8, 2.84409998082027E-7, 0.00000244960237138543
2.84409998082027E-7, 0.00000244960237138543, 0.0000210982448520199
0.00000244960237138543, 0.0000210982448520199, 0.000181717629373467

2.84409998082027E-7, 0.00000244960237138543, 0.0000210982448520199
0.00000244960237138543, 0.0000210982448520199, 0.000181717629373467
0.0000210982448520199, 0.000181717629373467, 0.00156512056129406

0.00000244960237138543, 0.0000210982448520199, 0.000181717629373467
0.0000210982448520199, 0.000181717629373467, 0.00156512056129406
0.000181717629373467, 0.00156512056129406, 0.0134802681491678

6.96691405747456E-13, 6.00055177789710E-12, 5.16823106215782E-11
6.00055177789710E-12, 5.16823106215782E-11, 4.45135935835783E-10
5.16823106215782E-11, 4.45135935835783E-10, 3.83392303845001E-9

6.00055177789710E-12, 5.16823106215782E-11, 4.45135935835783E-10
5.16823106215782E-11, 4.45135935835783E-10, 3.83392303845001E-9
4.45135935835783E-10, 3.83392303845001E-9, 3.30212968251128E-8

5.16823106215782E-11, 4.45135935835783E-10, 3.83392303845001E-9
4.45135935835783E-10, 3.83392303845001E-9, 3.30212968251128E-8
3.83392303845001E-9, 3.30212968251128E-8, 2.84409998082027E-7

6.00055177789710E-12, 5.16823106215782E-11, 4.45135935835783E-10
5.16823106215782E-11, 4.45135935835783E-10, 3.83392303845001E-9
4.45135935835783E-10, 3.83392303845001E-9, 3.30212968251128E-8

5.16823106215782E-11, 4.45135935835783E-10, 3.83392303845001E-9
4.45135935835783E-10, 3.83392303845001E-9, 3.30212968251128E-8
3.83392303845001E-9, 3.30212968251128E-8, 2.84409998082027E-7

4.45135935835783E-10, 3.83392303845001E-9, 3.30212968251128E-8
3.83392303845001E-9, 3.30212968251128E-8, 2.84409998082027E-7
3.30212968251128E-8, 2.84409998082027E-7, 0.00000244960237138543

5.16823106215782E-11, 4.45135935835783E-10, 3.83392303845001E-9
4.45135935835783E-10, 3.83392303845001E-9, 3.30212968251128E-8
3.83392303845001E-9, 3.30212968251128E-8, 2.84409998082027E-7

4.45135935835783E-10, 3.83392303845001E-9, 3.30212968251128E-8
3.83392303845001E-9, 3.30212968251128E-8, 2.84409998082027E-7
3.30212968251128E-8, 2.84409998082027E-7, 0.00000244960237138543

3.83392303845001E-9, 3.30212968251128E-8, 2.84409998082027E-7
3.30212968251128E-8, 2.84409998082027E-7, 0.00000244960237138543
2.84409998082027E-7, 0.00000244960237138543, 0.0000210982448520199

6.00055177789710E-12, 5.16823106215782E-11, 4.45135935835783E-10
5.16823106215782E-11, 4.45135935835783E-10, 3.83392303845001E-9
4.45135935835783E-10, 3.83392303845001E-9, 3.30212968251128E-8

5.16823106215782E-11, 4.45135935835783E-10, 3.83392303845001E-9
4.45135935835783E-10, 3.83392303845001E-9, 3.30212968251128E-8
3.83392303845001E-9, 3.30212968251128E-8, 2.84409998082027E-7

4.45135935835783E-10, 3.83392303845001E-9, 3.30212968251128E-8
3.83392303845001E-9, 3.30212968251128E-8, 2.84409998082027E-7
3.30212968251128E-8, 2.84409998082027E-7, 0.00000244960237138543

5.16823106215782E-11, 4.45135935835783E-10, 3.83392303845001E-9
4.45135935835783E-10, 3.83392303845001E-9, 3.30212968251128E-8
3.83392303845001E-9, 3.30212968251128E-8, 2.84409998082027E-7

4.45135935835783E-10, 3.83392303845001E-9, 3.30212968251128E-8
3.83392303845001E-9, 3.30212968251128E-8, 2.84409998082027E-7
3.30212968251128E-8, 2.84409998082027E-7, 0.00000244960237138543

3.83392303845001E-9, 3.30212968251128E-8, 2.84409998082027E-7
3.30212968251128E-8, 2.84409998082027E-7, 0.00000244960237138543
2.84409998082027E-7, 0.00000244960237138543, 0.0000210982448520199

4.45135935835783E-10, 3.83392303845001E-9, 3.30212968251128E-8
3.83392303845001E-9, 3.30212968251128E-8, 2.84409998082027E-7
3.30212968251128E-8, 2.84409998082027E-7, 0.00000244960237138543

3.83392303845001E-9, 3.30212968251128E-8, 2.84409998082027E-7
3.30212968251128E-8, 2.84409998082027E-7, 0.00000244960237138543
2.84409998082027E-7, 0.00000244960237138543, 0.0000210982448520199

3.30212968251128E-8, 2.84409998082027E-7, 0.00000244960237138543
2.84409998082027E-7, 0.00000244960237138543, 0.0000210982448520199
0.00000244960237138543, 0.0000210982448520199, 0.000181717629373467

5.16823106215782E-11, 4.45135935835783E-10, 3.83392303845001E-9
4.45135935835783E-10, 3.83392303845001E-9, 3.30212968251128E-8
3.83392303845001E-9, 3.30212968251128E-8, 2.84409998082027E-7

4.45135935835783E-10, 3.83392303845001E-9, 3.30212968251128E-8
3.83392303845001E-9, 3.30212968251128E-8, 2.84409998082027E-7
3.30212968251128E-8, 2.84409998082027E-7, 0.00000244960237138543

3.83392303845001E-9, 3.30212968251128E-8, 2.84409998082027E-7
3.30212968251128E-8, 2.84409998082027E-7, 0.00000244960237138543
2.84409998082027E-7, 0.00000244960237138543, 0.0000210982448520199

4.45135935835783E-10, 3.83392303845001E-9, 3.30212968251128E-8
3.83392303845001E-9, 3.30212968251128E-8, 2.84409998082027E-7
3.30212968251128E-8, 2.84409998082027E-7, 0.00000244960237138543

3.83392303845001E-9, 3.30212968251128E-8, 2.84409998082027E-7
3.30212968251128E-8, 2.84409998082027E-7, 0.00000244960237138543
2.84409998082027E-7, 0.00000244960237138543, 0.0000210982448520199

3.30212968251128E-8, 2.84409998082027E-7, 0.00000244960237138543
2.84409998082027E-7, 0.00000244960237138543, 0.0000210982448520199
0.00000244960237138543, 0.0000210982448520199, 0.000181717629373467

3.83392303845001E-9, 3.30212968251128E-8, 2.84409998082027E-7
3.30212968251128E-8, 2.84409998082027E-7, 0.00000244960237138543
2.84409998082027E-7, 0.00000244960237138543, 0.0000210982448520199

3.30212968251128E-8, 2.84409998082027E-7, 0.00000244960237138543
2.84409998082027E-7, 0.00000244960237138543, 0.0000210982448520199
0.00000244960237138543, 0.0000210982448520199, 0.000181717629373467

2.84409998082027E-7, 0.00000244960237138543, 0.0000210982448520199
0.00000244960237138543, 0.0000210982448520199, 0.000181717629373467
0.0000210982448520199, 0.000181717629373467, 0.00156512056129406

6.00055177789710E-12, 5.16823106215782E-11, 4.45135935835783E-10
5.16823106215782E-11, 4.45135935835783E-10, 3.83392303845001E-9
4.45135935835783E-10, 3.83392303845001E-9, 3.30212968251128E-8

5.16823106215782E-11, 4.45135935835783E-10, 3.83392303845001E-9
4.45135935835783E-10, 3.83392303845001E-9, 3.30212968251128E-8
3.83392303845001E-9, 3.30212968251128E-8, 2.84409998082027E-7

4.45135935835783E-10, 3.83392303845001E-9, 3.30212968251128E-8
3.83392303845001E-9, 3.30212968251128E-8, 2.84409998082027E-7
3.30212968251128E-8, 2.84409998082027E-7, 0.00000244960237138543

5.16823106215782E-11, 4.45135935835783E-10, 3.83392303845001E-9
4.45135935835783E-10, 3.83392303845001E-9, 3.30212968251128E-8
3.83392303845001E-9, 3.30212968251128E-8, 2.84409998082027E-7

4.45135935835783E-10, 3.83392303845001E-9, 3.30212968251128E-8
3.83392303845001E-9, 3.30212968251128E-8, 2.84409998082027E-7
3.30212968251128E-8, 2.84409998082027E-7, 0.00000244960237138543

3.83392303845001E-9, 3.30212968251128E-8, 2.84409998082027E-7
3.30212968251128E-8, 2.84409998082027E-7, 0.00000244960237138543
2.84409998082027E-7, 0.00000244960237138543, 0.0000210982448520199

4.45135935835783E-10, 3.83392303845001E-9, 3.30212968251128E-8
3.83392303845001E-9, 3.30212968251128E-8, 2.84409998082027E-7
3.30212968251128E-8, 2.84409998082027E-7, 0.00000244960237138543

3.83392303845001E-9, 3.30212968251128E-8, 2.84409998082027E-7
3.30212968251128E-8, 2.84409998082027E-7, 0.00000244960237138543
2.84409998082027E-7, 0.00000244960237138543, 0.0000210982448520199

3.30212968251128E-8, 2.84409998082027E-7, 0.00000244960237138543
2.84409998082027E-7, 0.00000244960237138543, 0.0000210982448520199
0.00000244960237138543, 0.0000210982448520199, 0.000181717629373467

5.16823106215782E-11, 4.45135935835783E-10, 3.83392303845001E-9
4.45135935835783E-10, 3.83392303845001E-9, 3.30212968251128E-8
3.83392303845001E-9, 3.30212968251128E-8, 2.84409998082027E-7

4.45135935835783E-10, 3.83392303845001E-9, 3.30212968251128E-8
3.83392303845001E-9, 3.30212968251128E-8, 2.84409998082027E-7
3.30212968251128E-8, 2.84409998082027E-7, 0.00000244960237138543

3.83392303845001E-9, 3.30212968251128E-8, 2.84409998082027E-7
3.30212968251128E-8, 2.84409998082027E-7, 0.00000244960237138543
2.84409998082027E-7, 0.00000244960237138543, 0.0000210982448520199

4.45135935835783E-10, 3.83392303845001E-9, 3.30212968251128E-8
3.83392303845001E-9, 3.30212968251128E-8, 2.84409998082027E-7
3.30212968251128E-8, 2.84409998082027E-7, 0.00000244960237138543

3.83392303845001E-9, 3.30212968251128E-8, 2.84409998082027E-7
3.30212968251128E-8, 2.84409998082027E-7, 0.00000244960237138543
2.84409998082027E-7, 0.00000244960237138543, 0.0000210982448520199

3.30212968251128E-8, 2.84409998082027E-7, 0.00000244960237138543
2.84409998082027E-7, 0.00000244960237138543, 0.0000210982448520199
0.00000244960237138543, 0.0000210982448520199, 0.000181717629373467

3.83392303845001E-9, 3.30212968251128E-8, 2.84409998082027E-7
3.30212968251128E-8, 2.84409998082027E-7, 0.00000244960237138543
2.84409998082027E-7, 0.00000244960237138543, 0.0000210982448520199

3.30212968251128E-8, 2.84409998082027E-7, 0.00000244960237138543
2.84409998082027E-7, 0.00000244960237138543, 0.0000210982448520199
0.00000244960237138543, 0.0000210982448520199, 0.000181717629373467

2.84409998082027E-7, 0.00000244960237138543, 0.0000210982448520199
0.00000244960237138543, 0.0000210982448520199, 0.000181717629373467
0.0000210982448520199, 0.000181717629373467, 0.00156512056129406

4.45135935835783E-10, 3.83392303845001E-9, 3.30212968251128E-8
3.83392303845001E-9, 3.30212968251128E-8, 2.84409998082027E-7
3.30212968251128E-8, 2.84409998082027E-7, 0.00000244960237138543

3.83392303845001E-9, 3.30212968251128E-8, 2.84409998082027E-7
3.30212968251128E-8, 2.84409998082027E-7, 0.00000244960237138543
2.84409998082027E-7, 0.00000244960237138543, 0.0000210982448520199

3.30212968251128E-8, 2.84409998082027E-7, 0.00000244960237138543
2.84409998082027E-7, 0.00000244960237138543, 0.0000210982448520199
0.00000244960237138543, 0.0000210982448520199, 0.000181717629373467

3.83392303845001E-9, 3.30212968251128E-8, 2.84409998082027E-7
3.30212968251128E-8, 2.84409998082027E-7, 0.00000244960237138543
2.84409998082027E-7, 0.00000244960237138543, 0.0000210982448520199

3.30212968251128E-8, 2.84409998082027E-7, 0.00000244960237138543
2.84409998082027E-7, 0.00000244960237138543, 0.0000210982448520199
0.00000244960237138543, 0.0000210982448520199, 0.000181717629373467

2.84409998082027E-7, 0.00000244960237138543, 0.0000210982448520199
0.00000244960237138543, 0.0000210982448520199, 0.000181717629373467
0.0000210982448520199, 0.000181717629373467, 0.00156512056129406

3.30212968251128E-8, 2.84409998082027E-7, 0.00000244960237138543
2.84409998082027E-7, 0.00000244960237138543, 0.0000210982448520199
0.00000244960237138543, 0.0000210982448520199, 0.000181717629373467

2.84409998082027E-7, 0.00000244960237138543, 0.0000210982448520199
0.00000244960237138543, 0.0000210982448520199, 0.000181717629373467
0.0000210982448520199, 0.000181717629373467, 0.00156512056129406

0.00000244960237138543, 0.0000210982448520199, 0.000181717629373467
0.0000210982448520199, 0.000181717629373467, 0.00156512056129406
0.000181717629373467, 0.00156512056129406, 0.0134802681491678

5.16823106215782E-11, 4.45135935835783E-10, 3.83392303845001E-9
4.45135935835783E-10, 3.83392303845001E-9, 3.30212968251128E-8
3.83392303845001E-9, 3.30212968251128E-8, 2.84409998082027E-7

4.45135935835783E-10, 3.83392303845001E-9, 3.30212968251128E-8
3.83392303845001E-9, 3.30212968251128E-8, 2.84409998082027E-7
3.30212968251128E-8, 2.84409998082027E-7, 0.00000244960237138543

3.83392303845001E-9, 3.30212968251128E-8, 2.84409998082027E-7
3.30212968251128E-8, 2.84409998082027E-7, 0.00000244960237138543
2.84409998082027E-7, 0.00000244960237138543, 0.0000210982448520199

4.45135935835783E-10, 3.83392303845001E-9, 3.30212968251128E-8
3.83392303845001E-9, 3.30212968251128E-8, 2.84409998082027E-7
3.30212968251128E-8, 2.84409998082027E-7, 0.00000244960237138543

3.83392303845001E-9, 3.30212968251128E-8, 2.84409998082027E-7
3.30212968251128E-8, 2.84409998082027E-7, 0.00000244960237138543
2.84409998082027E-7, 0.00000244960237138543, 0.0000210982448520199

3.30212968251128E-8, 2.84409998082027E-7, 0.00000244960237138543
2.84409998082027E-7, 0.00000244960237138543, 0.0000210982448520199
0.00000244960237138543, 0.0000210982448520199, 0.000181717629373467

3.83392303845001E-9, 3.30212968251128E-8, 2.84409998082027E-7
3.30212968251128E-8, 2.84409998082027E-7, 0.00000244960237138543
2.84409998082027E-7, 0.00000244960237138543, 0.0000210982448520199

3.30212968251128E-8, 2.84409998082027E-7, 0.00000244960237138543
2.84409998082027E-7, 0.00000244960237138543, 0.0000210982448520199
0.00000244960237138543, 0.0000210982448520199, 0.000181717629373467

2.84409998082027E-7, 0.00000244960237138543, 0.0000210982448520199
0.00000244960237138543, 0.0000210982448520199, 0.000181717629373467
0.0000210982448520199, 0.000181717629373467, 0.00156512056129406

4.45135935835783E-10, 3.83392303845001E-9, 3.30212968251128E-8
3.83392303845001E-9, 3.30212968251128E-8, 2.84409998082027E-7
3.30212968251128E-8, 2.84409998082027E-7, 0.00000244960237138543

3.83392303845001E-9, 3.30212968251128E-8, 2.84409998082027E-7
3.30212968251128E-8, 2.84409998082027E-7, 0.00000244960237138543
2.84409998082027E-7, 0.00000244960237138543, 0.0000210982448520199

3.30212968251128E-8, 2.84409998082027E-7, 0.00000244960237138543
2.84409998082027E-7, 0.00000244960237138543, 0.0000210982448520199
0.00000244960237138543, 0.0000210982448520199, 0.000181717629373467

3.83392303845001E-9, 3.30212968251128E-8, 2.84409998082027E-7
3.30212968251128E-8, 2.84409998082027E-7, 0.00000244960237138543
2.84409998082027E-7, 0.00000244960237138543, 0.0000210982448520199

3.30212968251128E-8, 2.84409998082027E-7, 0.00000244960237138543
2.84409998082027E-7, 0.00000244960237138543, 0.0000210982448520199
0.00000244960237138543, 0.0000210982448520199, 0.000181717629373467

2.84409998082027E-7, 0.00000244960237138543, 0.0000210982448520199
0.00000244960237138543, 0.0000210982448520199, 0.000181717629373467
0.0000210982448520199, 0.000181717629373467, 0.00156512056129406

3.30212968251128E-8, 2.84409998082027E-7, 0.00000244960237138543
2.84409998082027E-7, 0.00000244960237138543, 0.0000210982448520199
0.00000244960237138543, 0.0000210982448520199, 0.000181717629373467

2.84409998082027E-7, 0.00000244960237138543, 0.0000210982448520199
0.00000244960237138543, 0.0000210982448520199, 0.000181717629373467
0.0000210982448520199, 0.000181717629373467, 0.00156512056129406

0.00000244960237138543, 0.0000210982448520199, 0.000181717629373467
0.0000210982448520199, 0.000181717629373467, 0.00156512056129406
0.000181717629373467, 0.00156512056129406, 0.0134802681491678

3.83392303845001E-9, 3.30212968251128E-8, 2.84409998082027E-7
3.30212968251128E-8, 2.84409998082027E-7, 0.00000244960237138543
2.84409998082027E-7, 0.00000244960237138543, 0.0000210982448520199

3.30212968251128E-8, 2.84409998082027E-7, 0.00000244960237138543
2.84409998082027E-7, 0.00000244960237138543, 0.0000210982448520199
0.00000244960237138543, 0.0000210982448520199, 0.000181717629373467

2.84409998082027E-7, 0.00000244960237138543, 0.0000210982448520199
0.00000244960237138543, 0.0000210982448520199, 0.000181717629373467
0.0000210982448520199, 0.000181717629373467, 0.00156512056129406

3.30212968251128E-8, 2.84409998082027E-7, 0.00000244960237138543
2.84409998082027E-7, 0.00000244960237138543, 0.0000210982448520199
0.00000244960237138543, 0.0000210982448520199, 0.000181717629373467

2.84409998082027E-7, 0.00000244960237138543, 0.0000210982448520199
0.00000244960237138543, 0.0000210982448520199, 0.000181717629373467
0.0000210982448520199, 0.000181717629373467, 0.00156512056129406

0.00000244960237138543, 0.0000210982448520199, 0.000181717629373467
0.0000210982448520199, 0.000181717629373467, 0.00156512056129406
0.000181717629373467, 0.00156512056129406, 0.0134802681491678

2.84409998082027E-7, 0.00000244960237138543, 0.0000210982448520199
0.00000244960237138543, 0.0000210982448520199, 0.000181717629373467
0.0000210982448520199, 0.000181717629373467, 0.00156512056129406

0.00000244960237138543, 0.0000210982448520199, 0.000181717629373467
0.0000210982448520199, 0.000181717629373467, 0.00156512056129406
0.000181717629373467, 0.00156512056129406, 0.0134802681491678

0.0000210982448520199, 0.000181717629373467, 0.00156512056129406
0.000181717629373467, 0.00156512056129406, 0.0134802681491678
0.00156512056129406, 0.0134802681491678, 0.116104556969861

6.00055177789710E-12, 5.16823106215782E-11, 4.45135935835783E-10
5.16823106215782E-11, 4.45135935835783E-10, 3.83392303845001E-9
4.45135935835783E-10, 3.83392303845001E-9, 3.30212968251128E-8

5.16823106215782E-11, 4.45135935835783E-10, 3.83392303845001E-9
4.45135935835783E-10, 3.83392303845001E-9, 3.30212968251128E-8
3.83392303845001E-9, 3.30212968251128E-8, 2.84409998082027E-7

4.45135935835783E-10, 3.83392303845001E-9, 3.30212968251128E-8
3.83392303845001E-9, 3.30212968251128E-8, 2.84409998082027E-7
3.30212968251128E-8, 2.84409998082027E-7, 0.00000244960237138543

5.16823106215782E-11, 4.45135935835783E-10, 3.83392303845001E-9
4.45135935835783E-10, 3.83392303845001E-9, 3.30212968251128E-8
3.83392303845001E-9, 3.30212968251128E-8, 2.84409998082027E-7

4.45135935835783E-10, 3.83392303845001E-9, 3.30212968251128E-8
3.83392303845001E-9, 3.30212968251128E-8, 2.84409998082027E-7
3.30212968251128E-8, 2.84409998082027E-7, 0.00000244960237138543

3.83392303845001E-9, 3.30212968251128E-8, 2.84409998082027E-7
3.30212968251128E-8, 2.84409998082027E-7, 0.00000244960237138543
2.84409998082027E-7, 0.00000244960237138543, 0.0000210982448520199

4.45135935835783E-10, 3.83392303845001E-9, 3.30212968251128E-8
3.83392303845001E-9, 3.30212968251128E-8, 2.84409998082027E-7
3.30212968251128E-8, 2.84409998082027E-7, 0.00000244960237138543

3.83392303845001E-9, 3.30212968251128E-8, 2.84409998082027E-7
3.30212968251128E-8, 2.84409998082027E-7, 0.00000244960237138543
2.84409998082027E-7, 0.00000244960237138543, 0.0000210982448520199

3.30212968251128E-8, 2.84409998082027E-7, 0.00000244960237138543
2.84409998082027E-7, 0.00000244960237138543, 0.0000210982448520199
0.00000244960237138543, 0.0000210982448520199, 0.000181717629373467

5.16823106215782E-11, 4.45135935835783E-10, 3.83392303845001E-9
4.45135935835783E-10, 3.83392303845001E-9, 3.30212968251128E-8
3.83392303845001E-9, 3.30212968251128E-8, 2.84409998082027E-7

4.45135935835783E-10, 3.83392303845001E-9, 3.30212968251128E-8
3.83392303845001E-9, 3.30212968251128E-8, 2.84409998082027E-7
3.30212968251128E-8, 2.84409998082027E-7, 0.00000244960237138543

3.83392303845001E-9, 3.30212968251128E-8, 2.84409998082027E-7
3.30212968251128E-8, 2.84409998082027E-7, 0.00000244960237138543
2.84409998082027E-7, 0.00000244960237138543, 0.0000210982448520199

4.45135935835783E-10, 3.83392303845001E-9, 3.30212968251128E-8
3.83392303845001E-9, 3.30212968251128E-8, 2.84409998082027E-7
3.30212968251128E-8, 2.84409998082027E-7, 0.00000244960237138543

3.83392303845001E-9, 3.30212968251128E-8, 2.84409998082027E-7
3.30212968251128E-8, 2.84409998082027E-7, 0.00000244960237138543
2.84409998082027E-7, 0.00000244960237138543, 0.0000210982448520199

3.30212968251128E-8, 2.84409998082027E-7, 0.00000244960237138543
2.84409998082027E-7, 0.00000244960237138543, 0.0000210982448520199
0.00000244960237138543, 0.0000210982448520199, 0.000181717629373467

3.83392303845001E-9, 3.30212968251128E-8, 2.84409998082027E-7
3.30212968251128E-8, 2.84409998082027E-7, 0.00000244960237138543
2.84409998082027E-7, 0.00000244960237138543, 0.0000210982448520199

3.30212968251128E-8, 2.84409998082027E-7, 0.00000244960237138543
2.84409998082027E-7, 0.00000244960237138543, 0.0000210982448520199
0.00000244960237138543, 0.0000210982448520199, 0.000181717629373467

2.84409998082027E-7, 0.00000244960237138543, 0.0000210982448520199
0.00000244960237138543, 0.0000210982448520199, 0.000181717629373467
0.0000210982448520199, 0.000181717629373467, 0.00156512056129406

4.45135935835783E-10, 3.83392303845001E-9, 3.30212968251128E-8
3.83392303845001E-9, 3.30212968251128E-8, 2.84409998082027E-7
3.30212968251128E-8, 2.84409998082027E-7, 0.00000244960237138543

3.83392303845001E-9, 3.30212968251128E-8, 2.84409998082027E-7
3.30212968251128E-8, 2.84409998082027E-7, 0.00000244960237138543
2.84409998082027E-7, 0.00000244960237138543, 0.0000210982448520199

3.30212968251128E-8, 2.84409998082027E-7, 0.00000244960237138543
2.84409998082027E-7, 0.00000244960237138543, 0.0000210982448520199
0.00000244960237138543, 0.0000210982448520199, 0.000181717629373467

3.83392303845001E-9, 3.30212968251128E-8, 2.84409998082027E-7
3.30212968251128E-8, 2.84409998082027E-7, 0.00000244960237138543
2.84409998082027E-7, 0.00000244960237138543, 0.0000210982448520199

3.30212968251128E-8, 2.84409998082027E-7, 0.00000244960237138543
2.84409998082027E-7, 0.00000244960237138543, 0.0000210982448520199
0.00000244960237138543, 0.0000210982448520199, 0.000181717629373467

2.84409998082027E-7, 0.00000244960237138543, 0.0000210982448520199
0.00000244960237138543, 0.0000210982448520199, 0.000181717629373467
0.0000210982448520199, 0.000181717629373467, 0.00156512056129406

3.30212968251128E-8, 2.84409998082027E-7, 0.00000244960237138543
2.84409998082027E-7, 0.00000244960237138543, 0.0000210982448520199
0.00000244960237138543, 0.0000210982448520199, 0.000181717629373467

2.84409998082027E-7, 0.00000244960237138543, 0.0000210982448520199
0.00000244960237138543, 0.0000210982448520199, 0.000181717629373467
0.0000210982448520199, 0.000181717629373467, 0.00156512056129406

0.00000244960237138543, 0.0000210982448520199, 0.000181717629373467
0.0000210982448520199, 0.000181717629373467, 0.00156512056129406
0.000181717629373467, 0.00156512056129406, 0.0134802681491678

5.16823106215782E-11, 4.45135935835783E-10, 3.83392303845001E-9
4.45135935835783E-10, 3.83392303845001E-9, 3.30212968251128E-8
3.83392303845001E-9, 3.30212968251128E-8, 2.84409998082027E-7

4.45135935835783E-10, 3.83392303845001E-9, 3.30212968251128E-8
3.83392303845001E-9, 3.30212968251128E-8, 2.84409998082027E-7
3.30212968251128E-8, 2.84409998082027E-7, 0.00000244960237138543

3.83392303845001E-9, 3.30212968251128E-8, 2.84409998082027E-7
3.30212968251128E-8, 2.84409998082027E-7, 0.00000244960237138543
2.84409998082027E-7, 0.00000244960237138543, 0.0000210982448520199

4.45135935835783E-10, 3.83392303845001E-9, 3.30212968251128E-8
3.83392303845001E-9, 3.30212968251128E-8, 2.84409998082027E-7
3.30212968251128E-8, 2.84409998082027E-7, 0.00000244960237138543

3.83392303845001E-9, 3.30212968251128E-8, 2.84409998082027E-7
3.30212968251128E-8, 2.84409998082027E-7, 0.00000244960237138543
2.84409998082027E-7, 0.00000244960237138543, 0.0000210982448520199

3.30212968251128E-8, 2.84409998082027E-7, 0.00000244960237138543
2.84409998082027E-7, 0.00000244960237138543, 0.0000210982448520199
0.00000244960237138543, 0.0000210982448520199, 0.000181717629373467

3.83392303845001E-9, 3.30212968251128E-8, 2.84409998082027E-7
3.30212968251128E-8, 2.84409998082027E-7, 0.00000244960237138543
2.84409998082027E-7, 0.00000244960237138543, 0.0000210982448520199

3.30212968251128E-8, 2.84409998082027E-7, 0.00000244960237138543
2.84409998082027E-7, 0.00000244960237138543, 0.0000210982448520199
0.00000244960237138543, 0.0000210982448520199, 0.000181717629373467

2.84409998082027E-7, 0.00000244960237138543, 0.0000210982448520199
0.00000244960237138543, 0.0000210982448520199, 0.000181717629373467
0.0000210982448520199, 0.000181717629373467, 0.00156512056129406

4.45135935835783E-10, 3.83392303845001E-9, 3.30212968251128E-8
3.83392303845001E-9, 3.30212968251128E-8, 2.84409998082027E-7
3.30212968251128E-8, 2.84409998082027E-7, 0.00000244960237138543

3.83392303845001E-9, 3.30212968251128E-8, 2.84409998082027E-7
3.30212968251128E-8, 2.84409998082027E-7, 0.00000244960237138543
2.84409998082027E-7, 0.00000244960237138543, 0.0000210982448520199

3.30212968251128E-8, 2.84409998082027E-7, 0.00000244960237138543
2.84409998082027E-7, 0.00000244960237138543, 0.0000210982448520199
0.00000244960237138543, 0.0000210982448520199, 0.000181717629373467

3.83392303845001E-9, 3.30212968251128E-8, 2.84409998082027E-7
3.30212968251128E-8, 2.84409998082027E-7, 0.00000244960237138543
2.84409998082027E-7, 0.00000244960237138543, 0.0000210982448520199

3.30212968251128E-8, 2.84409998082027E-7, 0.00000244960237138543
2.84409998082027E-7, 0.00000244960237138543, 0.0000210982448520199
0.00000244960237138543, 0.0000210982448520199, 0.000181717629373467

2.84409998082027E-7, 0.00000244960237138543, 0.0000210982448520199
0.00000244960237138543, 0.0000210982448520199, 0.000181717629373467
0.0000210982448520199, 0.000181717629373467, 0.00156512056129406

3.30212968251128E-8, 2.84409998082027E-7, 0.00000244960237138543
2.84409998082027E-7, 0.00000244960237138543, 0.0000210982448520199
0.00000244960237138543, 0.0000210982448520199, 0.000181717629373467

2.84409998082027E-7, 0.00000244960237138543, 0.0000210982448520199
0.00000244960237138543, 0.0000210982448520199, 0.000181717629373467
0.0000210982448520199, 0.000181717629373467, 0.00156512056129406

0.00000244960237138543, 0.0000210982448520199, 0.000181717629373467
0.0000210982448520199, 0.000181717629373467, 0.00156512056129406
0.000181717629373467, 0.00156512056129406, 0.0134802681491678

3.83392303845001E-9, 3.30212968251128E-8, 2.84409998082027E-7
3.30212968251128E-8, 2.84409998082027E-7, 0.00000244960237138543
2.84409998082027E-7, 0.00000244960237138543, 0.0000210982448520199

3.30212968251128E-8, 2.84409998082027E-7, 0.00000244960237138543
2.84409998082027E-7, 0.00000244960237138543, 0.0000210982448520199
0.00000244960237138543, 0.0000210982448520199, 0.000181717629373467

2.84409998082027E-7, 0.00000244960237138543, 0.0000210982448520199
0.00000244960237138543, 0.0000210982448520199, 0.000181717629373467
0.0000210982448520199, 0.000181717629373467, 0.00156512056129406

3.30212968251128E-8, 2.84409998082027E-7, 0.00000244960237138543
2.84409998082027E-7, 0.00000244960237138543, 0.0000210982448520199
0.00000244960237138543, 0.0000210982448520199, 0.000181717629373467

2.84409998082027E-7, 0.00000244960237138543, 0.0000210982448520199
0.00000244960237138543, 0.0000210982448520199, 0.000181717629373467
0.0000210982448520199, 0.000181717629373467, 0.00156512056129406

0.00000244960237138543, 0.0000210982448520199, 0.000181717629373467
0.0000210982448520199, 0.000181717629373467, 0.00156512056129406
0.000181717629373467, 0.00156512056129406, 0.0134802681491678

2.84409998082027E-7, 0.00000244960237138543, 0.0000210982448520199
0.00000244960237138543, 0.0000210982448520199, 0.000181717629373467
0.0000210982448520199, 0.000181717629373467, 0.00156512056129406

0.00000244960237138543, 0.0000210982448520199, 0.000181717629373467
0.0000210982448520199, 0.000181717629373467, 0.00156512056129406
0.000181717629373467, 0.00156512056129406, 0.0134802681491678

0.0000210982448520199, 0.000181717629373467, 0.00156512056129406
0.000181717629373467, 0.00156512056129406, 0.0134802681491678
0.00156512056129406, 0.0134802681491678, 0.116104556969861

4.45135935835783E-10, 3.83392303845001E-9, 3.30212968251128E-8
3.83392303845001E-9, 3.30212968251128E-8, 2.84409998082027E-7
3.30212968251128E-8, 2.84409998082027E-7, 0.00000244960237138543

3.83392303845001E-9, 3.30212968251128E-8, 2.84409998082027E-7
3.30212968251128E-8, 2.84409998082027E-7, 0.00000244960237138543
2.84409998082027E-7, 0.00000244960237138543, 0.0000210982448520199

3.30212968251128E-8, 2.84409998082027E-7, 0.00000244960237138543
2.84409998082027E-7, 0.00000244960237138543, 0.0000210982448520199
0.00000244960237138543, 0.0000210982448520199, 0.000181717629373467

3.83392303845001E-9, 3.30212968251128E-8, 2.84409998082027E-7
3.30212968251128E-8, 2.84409998082027E-7, 0.00000244960237138543
2.84409998082027E-7, 0.00000244960237138543, 0.0000210982448520199

3.30212968251128E-8, 2.84409998082027E-7, 0.00000244960237138543
2.84409998082027E-7, 0.00000244960237138543, 0.0000210982448520199
0.00000244960237138543, 0.0000210982448520199, 0.000181717629373467

2.84409998082027E-7, 0.00000244960237138543, 0.0000210982448520199
0.00000244960237138543, 0.0000210982448520199, 0.000181717629373467
0.0000210982448520199, 0.000181717629373467, 0.00156512056129406

3.30212968251128E-8, 2.84409998082027E-7, 0.00000244960237138543
2.84409998082027E-7, 0.00000244960237138543, 0.0000210982448520199
0.00000244960237138543, 0.0000210982448520199, 0.000181717629373467

2.84409998082027E-7, 0.00000244960237138543, 0.0000210982448520199
0.00000244960237138543, 0.0000210982448520199, 0.000181717629373467
0.0000210982448520199, 0.000181717629373467, 0.00156512056129406

0.00000244960237138543, 0.0000210982448520199, 0.000181717629373467
0.0000210982448520199, 0.000181717629373467, 0.00156512056129406
0.000181717629373467, 0.00156512056129406, 0.0134802681491678

3.83392303845001E-9, 3.30212968251128E-8, 2.84409998082027E-7
3.30212968251128E-8, 2.84409998082027E-7, 0.00000244960237138543
2.84409998082027E-7, 0.00000244960237138543, 0.0000210982448520199

3.30212968251128E-8, 2.84409998082027E-7, 0.00000244960237138543
2.84409998082027E-7, 0.00000244960237138543, 0.0000210982448520199
0.00000244960237138543, 0.0000210982448520199, 0.000181717629373467

2.84409998082027E-7, 0.00000244960237138543, 0.0000210982448520199
0.00000244960237138543, 0.0000210982448520199, 0.000181717629373467
0.0000210982448520199, 0.000181717629373467, 0.00156512056129406

3.30212968251128E-8, 2.84409998082027E-7, 0.00000244960237138543
2.84409998082027E-7, 0.00000244960237138543, 0.0000210982448520199
0.00000244960237138543, 0.0000210982448520199, 0.000181717629373467

2.84409998082027E-7, 0.00000244960237138543, 0.0000210982448520199
0.00000244960237138543, 0.0000210982448520199, 0.000181717629373467
0.0000210982448520199, 0.000181717629373467, 0.00156512056129406

0.00000244960237138543, 0.0000210982448520199, 0.000181717629373467
0.0000210982448520199, 0.000181717629373467, 0.00156512056129406
0.000181717629373467, 0.00156512056129406, 0.0134802681491678

2.84409998082027E-7, 0.00000244960237138543, 0.0000210982448520199
0.00000244960237138543, 0.0000210982448520199, 0.000181717629373467
0.0000210982448520199, 0.000181717629373467, 0.00156512056129406

0.00000244960237138543, 0.0000210982448520199, 0.000181717629373467
0.0000210982448520199, 0.000181717629373467, 0.00156512056129406
0.000181717629373467, 0.00156512056129406, 0.0134802681491678

0.0000210982448520199, 0.000181717629373467, 0.00156512056129406
0.000181717629373467, 0.00156512056129406, 0.0134802681491678
0.00156512056129406, 0.0134802681491678, 0.116104556969861

3.30212968251128E-8, 2.84409998082027E-7, 0.00000244960237138543
2.84409998082027E-7, 0.00000244960237138543, 0.0000210982448520199
0.00000244960237138543, 0.0000210982448520199, 0.000181717629373467

2.84409998082027E-7, 0.00000244960237138543, 0.0000210982448520199
0.00000244960237138543, 0.0000210982448520199, 0.000181717629373467
0.0000210982448520199, 0.000181717629373467, 0.00156512056129406

0.00000244960237138543, 0.0000210982448520199, 0.000181717629373467
0.0000210982448520199, 0.000181717629373467, 0.00156512056129406
0.000181717629373467, 0.00156512056129406, 0.0134802681491678

2.84409998082027E-7, 0.00000244960237138543, 0.0000210982448520199
0.00000244960237138543, 0.0000210982448520199, 0.000181717629373467
0.0000210982448520199, 0.000181717629373467, 0.00156512056129406

0.00000244960237138543, 0.0000210982448520199, 0.000181717629373467
0.0000210982448520199, 0.000181717629373467, 0.00156512056129406
0.000181717629373467, 0.00156512056129406, 0.0134802681491678

0.0000210982448520199, 0.000181717629373467, 0.00156512056129406
0.000181717629373467, 0.00156512056129406, 0.0134802681491678
0.00156512056129406, 0.0134802681491678, 0.116104556969861

0.00000244960237138543, 0.0000210982448520199, 0.000181717629373467
0.0000210982448520199, 0.000181717629373467, 0.00156512056129406
0.000181717629373467, 0.00156512056129406, 0.0134802681491678

0.0000210982448520199, 0.000181717629373467, 0.00156512056129406
0.000181717629373467, 0.00156512056129406, 0.0134802681491678
0.00156512056129406, 0.0134802681491678, 0.116104556969861

0.000181717629373467, 0.00156512056129406, 0.0134802681491678
0.00156512056129406, 0.0134802681491678, 0.116104556969861
0.0134802681491678, 0.116104556969861, 1.00000000000000
 