Attribute names:	P0	P1	P2	P3	P4	P5	P6
Minor allele frequencies:	0.200	0.200	0.200	0.200	0.200	0.200	0.200
x: 2.33190597390172e-17
y: 14.4177372582019
Prevalence: 4.13915470715405e-9
Heritability: 0.0500000000000000

Table:

2.33190597390172E-17, 3.59527136164480E-16, 5.54309492257773E-15
3.59527136164480E-16, 5.54309492257773E-15, 8.54619811135762E-14
5.54309492257773E-15, 8.54619811135762E-14, 1.31763037037453E-12

3.59527136164480E-16, 5.54309492257773E-15, 8.54619811135762E-14
5.54309492257773E-15, 8.54619811135762E-14, 1.31763037037453E-12
8.54619811135762E-14, 1.31763037037453E-12, 2.03148788538617E-11

5.54309492257773E-15, 8.54619811135762E-14, 1.31763037037453E-12
8.54619811135762E-14, 1.31763037037453E-12, 2.03148788538617E-11
1.31763037037453E-12, 2.03148788538617E-11, 3.13209464601041E-10

3.59527136164480E-16, 5.54309492257773E-15, 8.54619811135762E-14
5.54309492257773E-15, 8.54619811135762E-14, 1.31763037037453E-12
8.54619811135762E-14, 1.31763037037453E-12, 2.03148788538617E-11

5.54309492257773E-15, 8.54619811135762E-14, 1.31763037037453E-12
8.54619811135762E-14, 1.31763037037453E-12, 2.03148788538617E-11
1.31763037037453E-12, 2.03148788538617E-11, 3.13209464601041E-10

8.54619811135762E-14, 1.31763037037453E-12, 2.03148788538617E-11
1.31763037037453E-12, 2.03148788538617E-11, 3.13209464601041E-10
2.03148788538617E-11, 3.13209464601041E-10, 4.82898123200093E-9

5.54309492257773E-15, 8.54619811135762E-14, 1.31763037037453E-12
8.54619811135762E-14, 1.31763037037453E-12, 2.03148788538617E-11
1.31763037037453E-12, 2.03148788538617E-11, 3.13209464601041E-10

8.54619811135762E-14, 1.31763037037453E-12, 2.03148788538617E-11
1.31763037037453E-12, 2.03148788538617E-11, 3.13209464601041E-10
2.03148788538617E-11, 3.13209464601041E-10, 4.82898123200093E-9

1.31763037037453E-12, 2.03148788538617E-11, 3.13209464601041E-10
2.03148788538617E-11, 3.13209464601041E-10, 4.82898123200093E-9
3.13209464601041E-10, 4.82898123200093E-9, 7.44519638597782E-8

3.59527136164480E-16, 5.54309492257773E-15, 8.54619811135762E-14
5.54309492257773E-15, 8.54619811135762E-14, 1.31763037037453E-12
8.54619811135762E-14, 1.31763037037453E-12, 2.03148788538617E-11

5.54309492257773E-15, 8.54619811135762E-14, 1.31763037037453E-12
8.54619811135762E-14, 1.31763037037453E-12, 2.03148788538617E-11
1.31763037037453E-12, 2.03148788538617E-11, 3.13209464601041E-10

8.54619811135762E-14, 1.31763037037453E-12, 2.03148788538617E-11
1.31763037037453E-12, 2.03148788538617E-11, 3.13209464601041E-10
2.03148788538617E-11, 3.13209464601041E-10, 4.82898123200093E-9

5.54309492257773E-15, 8.54619811135762E-14, 1.31763037037453E-12
8.54619811135762E-14, 1.31763037037453E-12, 2.03148788538617E-11
1.31763037037453E-12, 2.03148788538617E-11, 3.13209464601041E-10

8.54619811135762E-14, 1.31763037037453E-12, 2.03148788538617E-11
1.31763037037453E-12, 2.03148788538617E-11, 3.13209464601041E-10
2.03148788538617E-11, 3.13209464601041E-10, 4.82898123200093E-9

1.31763037037453E-12, 2.03148788538617E-11, 3.13209464601041E-10
2.03148788538617E-11, 3.13209464601041E-10, 4.82898123200093E-9
3.13209464601041E-10, 4.82898123200093E-9, 7.44519638597782E-8

8.54619811135762E-14, 1.31763037037453E-12, 2.03148788538617E-11
1.31763037037453E-12, 2.03148788538617E-11, 3.13209464601041E-10
2.03148788538617E-11, 3.13209464601041E-10, 4.82898123200093E-9

1.31763037037453E-12, 2.03148788538617E-11, 3.13209464601041E-10
2.03148788538617E-11, 3.13209464601041E-10, 4.82898123200093E-9
3.13209464601041E-10, 4.82898123200093E-9, 7.44519638597782E-8

2.03148788538617E-11, 3.13209464601041E-10, 4.82898123200093E-9
3.13209464601041E-10, 4.82898123200093E-9, 7.44519638597782E-8
4.82898123200093E-9, 7.44519638597782E-8, 0.00000114788081714720

5.54309492257773E-15, 8.54619811135762E-14, 1.31763037037453E-12
8.54619811135762E-14, 1.31763037037453E-12, 2.03148788538617E-11
1.31763037037453E-12, 2.03148788538617E-11, 3.13209464601041E-10

8.54619811135762E-14, 1.31763037037453E-12, 2.03148788538617E-11
1.31763037037453E-12, 2.03148788538617E-11, 3.13209464601041E-10
2.03148788538617E-11, 3.13209464601041E-10, 4.82898123200093E-9

1.31763037037453E-12, 2.03148788538617E-11, 3.13209464601041E-10
2.03148788538617E-11, 3.13209464601041E-10, 4.82898123200093E-9
3.13209464601041E-10, 4.82898123200093E-9, 7.44519638597782E-8

8.54619811135762E-14, 1.31763037037453E-12, 2.03148788538617E-11
1.31763037037453E-12, 2.03148788538617E-11, 3.13209464601041E-10
2.03148788538617E-11, 3.13209464601041E-10, 4.82898123200093E-9

1.31763037037453E-12, 2.03148788538617E-11, 3.13209464601041E-10
2.03148788538617E-11, 3.13209464601041E-10, 4.82898123200093E-9
3.13209464601041E-10, 4.82898123200093E-9, 7.44519638597782E-8

2.03148788538617E-11, 3.13209464601041E-10, 4.82898123200093E-9
3.13209464601041E-10, 4.82898123200093E-9, 7.44519638597782E-8
4.82898123200093E-9, 7.44519638597782E-8, 0.00000114788081714720

1.31763037037453E-12, 2.03148788538617E-11, 3.13209464601041E-10
2.03148788538617E-11, 3.13209464601041E-10, 4.82898123200093E-9
3.13209464601041E-10, 4.82898123200093E-9, 7.44519638597782E-8

2.03148788538617E-11, 3.13209464601041E-10, 4.82898123200093E-9
3.13209464601041E-10, 4.82898123200093E-9, 7.44519638597782E-8
4.82898123200093E-9, 7.44519638597782E-8, 0.00000114788081714720

3.13209464601041E-10, 4.82898123200093E-9, 7.44519638597782E-8
4.82898123200093E-9, 7.44519638597782E-8, 0.00000114788081714720
7.44519638597782E-8, 0.00000114788081714720, 0.0000176977248425056

3.59527136164480E-16, 5.54309492257773E-15, 8.54619811135762E-14
5.54309492257773E-15, 8.54619811135762E-14, 1.31763037037453E-12
8.54619811135762E-14, 1.31763037037453E-12, 2.03148788538617E-11

5.54309492257773E-15, 8.54619811135762E-14, 1.31763037037453E-12
8.54619811135762E-14, 1.31763037037453E-12, 2.03148788538617E-11
1.31763037037453E-12, 2.03148788538617E-11, 3.13209464601041E-10

8.54619811135762E-14, 1.31763037037453E-12, 2.03148788538617E-11
1.31763037037453E-12, 2.03148788538617E-11, 3.13209464601041E-10
2.03148788538617E-11, 3.13209464601041E-10, 4.82898123200093E-9

5.54309492257773E-15, 8.54619811135762E-14, 1.31763037037453E-12
8.54619811135762E-14, 1.31763037037453E-12, 2.03148788538617E-11
1.31763037037453E-12, 2.03148788538617E-11, 3.13209464601041E-10

8.54619811135762E-14, 1.31763037037453E-12, 2.03148788538617E-11
1.31763037037453E-12, 2.03148788538617E-11, 3.13209464601041E-10
2.03148788538617E-11, 3.13209464601041E-10, 4.82898123200093E-9

1.31763037037453E-12, 2.03148788538617E-11, 3.13209464601041E-10
2.03148788538617E-11, 3.13209464601041E-10, 4.82898123200093E-9
3.13209464601041E-10, 4.82898123200093E-9, 7.44519638597782E-8

8.54619811135762E-14, 1.31763037037453E-12, 2.03148788538617E-11
1.31763037037453E-12, 2.03148788538617E-11, 3.13209464601041E-10
2.03148788538617E-11, 3.13209464601041E-10, 4.82898123200093E-9

1.31763037037453E-12, 2.03148788538617E-11, 3.13209464601041E-10
2.03148788538617E-11, 3.13209464601041E-10, 4.82898123200093E-9
3.13209464601041E-10, 4.82898123200093E-9, 7.44519638597782E-8

2.03148788538617E-11, 3.13209464601041E-10, 4.82898123200093E-9
3.13209464601041E-10, 4.82898123200093E-9, 7.44519638597782E-8
4.82898123200093E-9, 7.44519638597782E-8, 0.00000114788081714720

5.54309492257773E-15, 8.54619811135762E-14, 1.31763037037453E-12
8.54619811135762E-14, 1.31763037037453E-12, 2.03148788538617E-11
1.31763037037453E-12, 2.03148788538617E-11, 3.13209464601041E-10

8.54619811135762E-14, 1.31763037037453E-12, 2.03148788538617E-11
1.31763037037453E-12, 2.03148788538617E-11, 3.13209464601041E-10
2.03148788538617E-11, 3.13209464601041E-10, 4.82898123200093E-9

1.31763037037453E-12, 2.03148788538617E-11, 3.13209464601041E-10
2.03148788538617E-11, 3.13209464601041E-10, 4.82898123200093E-9
3.13209464601041E-10, 4.82898123200093E-9, 7.44519638597782E-8

8.54619811135762E-14, 1.31763037037453E-12, 2.03148788538617E-11
1.31763037037453E-12, 2.03148788538617E-11, 3.13209464601041E-10
2.03148788538617E-11, 3.13209464601041E-10, 4.82898123200093E-9

1.31763037037453E-12, 2.03148788538617E-11, 3.13209464601041E-10
2.03148788538617E-11, 3.13209464601041E-10, 4.82898123200093E-9
3.13209464601041E-10, 4.82898123200093E-9, 7.44519638597782E-8

2.03148788538617E-11, 3.13209464601041E-10, 4.82898123200093E-9
3.13209464601041E-10, 4.82898123200093E-9, 7.44519638597782E-8
4.82898123200093E-9, 7.44519638597782E-8, 0.00000114788081714720

1.31763037037453E-12, 2.03148788538617E-11, 3.13209464601041E-10
2.03148788538617E-11, 3.13209464601041E-10, 4.82898123200093E-9
3.13209464601041E-10, 4.82898123200093E-9, 7.44519638597782E-8

2.03148788538617E-11, 3.13209464601041E-10, 4.82898123200093E-9
3.13209464601041E-10, 4.82898123200093E-9, 7.44519638597782E-8
4.82898123200093E-9, 7.44519638597782E-8, 0.00000114788081714720

3.13209464601041E-10, 4.82898123200093E-9, 7.44519638597782E-8
4.82898123200093E-9, 7.44519638597782E-8, 0.00000114788081714720
7.44519638597782E-8, 0.00000114788081714720, 0.0000176977248425056

8.54619811135762E-14, 1.31763037037453E-12, 2.03148788538617E-11
1.31763037037453E-12, 2.03148788538617E-11, 3.13209464601041E-10
2.03148788538617E-11, 3.13209464601041E-10, 4.82898123200093E-9

1.31763037037453E-12, 2.03148788538617E-11, 3.13209464601041E-10
2.03148788538617E-11, 3.13209464601041E-10, 4.82898123200093E-9
3.13209464601041E-10, 4.82898123200093E-9, 7.44519638597782E-8

2.03148788538617E-11, 3.13209464601041E-10, 4.82898123200093E-9
3.13209464601041E-10, 4.82898123200093E-9, 7.44519638597782E-8
4.82898123200093E-9, 7.44519638597782E-8, 0.00000114788081714720

1.31763037037453E-12, 2.03148788538617E-11, 3.13209464601041E-10
2.03148788538617E-11, 3.13209464601041E-10, 4.82898123200093E-9
3.13209464601041E-10, 4.82898123200093E-9, 7.44519638597782E-8

2.03148788538617E-11, 3.13209464601041E-10, 4.82898123200093E-9
3.13209464601041E-10, 4.82898123200093E-9, 7.44519638597782E-8
4.82898123200093E-9, 7.44519638597782E-8, 0.00000114788081714720

3.13209464601041E-10, 4.82898123200093E-9, 7.44519638597782E-8
4.82898123200093E-9, 7.44519638597782E-8, 0.00000114788081714720
7.44519638597782E-8, 0.00000114788081714720, 0.0000176977248425056

2.03148788538617E-11, 3.13209464601041E-10, 4.82898123200093E-9
3.13209464601041E-10, 4.82898123200093E-9, 7.44519638597782E-8
4.82898123200093E-9, 7.44519638597782E-8, 0.00000114788081714720

3.13209464601041E-10, 4.82898123200093E-9, 7.44519638597782E-8
4.82898123200093E-9, 7.44519638597782E-8, 0.00000114788081714720
7.44519638597782E-8, 0.00000114788081714720, 0.0000176977248425056

4.82898123200093E-9, 7.44519638597782E-8, 0.00000114788081714720
7.44519638597782E-8, 0.00000114788081714720, 0.0000176977248425056
0.00000114788081714720, 0.0000176977248425056, 0.000272858871689704

5.54309492257773E-15, 8.54619811135762E-14, 1.31763037037453E-12
8.54619811135762E-14, 1.31763037037453E-12, 2.03148788538617E-11
1.31763037037453E-12, 2.03148788538617E-11, 3.13209464601041E-10

8.54619811135762E-14, 1.31763037037453E-12, 2.03148788538617E-11
1.31763037037453E-12, 2.03148788538617E-11, 3.13209464601041E-10
2.03148788538617E-11, 3.13209464601041E-10, 4.82898123200093E-9

1.31763037037453E-12, 2.03148788538617E-11, 3.13209464601041E-10
2.03148788538617E-11, 3.13209464601041E-10, 4.82898123200093E-9
3.13209464601041E-10, 4.82898123200093E-9, 7.44519638597782E-8

8.54619811135762E-14, 1.31763037037453E-12, 2.03148788538617E-11
1.31763037037453E-12, 2.03148788538617E-11, 3.13209464601041E-10
2.03148788538617E-11, 3.13209464601041E-10, 4.82898123200093E-9

1.31763037037453E-12, 2.03148788538617E-11, 3.13209464601041E-10
2.03148788538617E-11, 3.13209464601041E-10, 4.82898123200093E-9
3.13209464601041E-10, 4.82898123200093E-9, 7.44519638597782E-8

2.03148788538617E-11, 3.13209464601041E-10, 4.82898123200093E-9
3.13209464601041E-10, 4.82898123200093E-9, 7.44519638597782E-8
4.82898123200093E-9, 7.44519638597782E-8, 0.00000114788081714720

1.31763037037453E-12, 2.03148788538617E-11, 3.13209464601041E-10
2.03148788538617E-11, 3.13209464601041E-10, 4.82898123200093E-9
3.13209464601041E-10, 4.82898123200093E-9, 7.44519638597782E-8

2.03148788538617E-11, 3.13209464601041E-10, 4.82898123200093E-9
3.13209464601041E-10, 4.82898123200093E-9, 7.44519638597782E-8
4.82898123200093E-9, 7.44519638597782E-8, 0.00000114788081714720

3.13209464601041E-10, 4.82898123200093E-9, 7.44519638597782E-8
4.82898123200093E-9, 7.44519638597782E-8, 0.00000114788081714720
7.44519638597782E-8, 0.00000114788081714720, 0.0000176977248425056

8.54619811135762E-14, 1.31763037037453E-12, 2.03148788538617E-11
1.31763037037453E-12, 2.03148788538617E-11, 3.13209464601041E-10
2.03148788538617E-11, 3.13209464601041E-10, 4.82898123200093E-9

1.31763037037453E-12, 2.03148788538617E-11, 3.13209464601041E-10
2.03148788538617E-11, 3.13209464601041E-10, 4.82898123200093E-9
3.13209464601041E-10, 4.82898123200093E-9, 7.44519638597782E-8

2.03148788538617E-11, 3.13209464601041E-10, 4.82898123200093E-9
3.13209464601041E-10, 4.82898123200093E-9, 7.44519638597782E-8
4.82898123200093E-9, 7.44519638597782E-8, 0.00000114788081714720

1.31763037037453E-12, 2.03148788538617E-11, 3.13209464601041E-10
2.03148788538617E-11, 3.13209464601041E-10, 4.82898123200093E-9
3.13209464601041E-10, 4.82898123200093E-9, 7.44519638597782E-8

2.03148788538617E-11, 3.13209464601041E-10, 4.82898123200093E-9
3.13209464601041E-10, 4.82898123200093E-9, 7.44519638597782E-8
4.82898123200093E-9, 7.44519638597782E-8, 0.00000114788081714720

3.13209464601041E-10, 4.82898123200093E-9, 7.44519638597782E-8
4.82898123200093E-9, 7.44519638597782E-8, 0.00000114788081714720
7.44519638597782E-8, 0.00000114788081714720, 0.0000176977248425056

2.03148788538617E-11, 3.13209464601041E-10, 4.82898123200093E-9
3.13209464601041E-10, 4.82898123200093E-9, 7.44519638597782E-8
4.82898123200093E-9, 7.44519638597782E-8, 0.00000114788081714720

3.13209464601041E-10, 4.82898123200093E-9, 7.44519638597782E-8
4.82898123200093E-9, 7.44519638597782E-8, 0.00000114788081714720
7.44519638597782E-8, 0.00000114788081714720, 0.0000176977248425056

4.82898123200093E-9, 7.44519638597782E-8, 0.00000114788081714720
7.44519638597782E-8, 0.00000114788081714720, 0.0000176977248425056
0.00000114788081714720, 0.0000176977248425056, 0.000272858871689704

1.31763037037453E-12, 2.03148788538617E-11, 3.13209464601041E-10
2.03148788538617E-11, 3.13209464601041E-10, 4.82898123200093E-9
3.13209464601041E-10, 4.82898123200093E-9, 7.44519638597782E-8

2.03148788538617E-11, 3.13209464601041E-10, 4.82898123200093E-9
3.13209464601041E-10, 4.82898123200093E-9, 7.44519638597782E-8
4.82898123200093E-9, 7.44519638597782E-8, 0.00000114788081714720

3.13209464601041E-10, 4.82898123200093E-9, 7.44519638597782E-8
4.82898123200093E-9, 7.44519638597782E-8, 0.00000114788081714720
7.44519638597782E-8, 0.00000114788081714720, 0.0000176977248425056

2.03148788538617E-11, 3.13209464601041E-10, 4.82898123200093E-9
3.13209464601041E-10, 4.82898123200093E-9, 7.44519638597782E-8
4.82898123200093E-9, 7.44519638597782E-8, 0.00000114788081714720

3.13209464601041E-10, 4.82898123200093E-9, 7.44519638597782E-8
4.82898123200093E-9, 7.44519638597782E-8, 0.00000114788081714720
7.44519638597782E-8, 0.00000114788081714720, 0.0000176977248425056

4.82898123200093E-9, 7.44519638597782E-8, 0.00000114788081714720
7.44519638597782E-8, 0.00000114788081714720, 0.0000176977248425056
0.00000114788081714720, 0.0000176977248425056, 0.000272858871689704

3.13209464601041E-10, 4.82898123200093E-9, 7.44519638597782E-8
4.82898123200093E-9, 7.44519638597782E-8, 0.00000114788081714720
7.44519638597782E-8, 0.00000114788081714720, 0.0000176977248425056

4.82898123200093E-9, 7.44519638597782E-8, 0.00000114788081714720
7.44519638597782E-8, 0.00000114788081714720, 0.0000176977248425056
0.00000114788081714720, 0.0000176977248425056, 0.000272858871689704

7.44519638597782E-8, 0.00000114788081714720, 0.0000176977248425056
0.00000114788081714720, 0.0000176977248425056, 0.000272858871689704
0.0000176977248425056, 0.000272858871689704, 0.00420686639228127

3.59527136164480E-16, 5.54309492257773E-15, 8.54619811135762E-14
5.54309492257773E-15, 8.54619811135762E-14, 1.31763037037453E-12
8.54619811135762E-14, 1.31763037037453E-12, 2.03148788538617E-11

5.54309492257773E-15, 8.54619811135762E-14, 1.31763037037453E-12
8.54619811135762E-14, 1.31763037037453E-12, 2.03148788538617E-11
1.31763037037453E-12, 2.03148788538617E-11, 3.13209464601041E-10

8.54619811135762E-14, 1.31763037037453E-12, 2.03148788538617E-11
1.31763037037453E-12, 2.03148788538617E-11, 3.13209464601041E-10
2.03148788538617E-11, 3.13209464601041E-10, 4.82898123200093E-9

5.54309492257773E-15, 8.54619811135762E-14, 1.31763037037453E-12
8.54619811135762E-14, 1.31763037037453E-12, 2.03148788538617E-11
1.31763037037453E-12, 2.03148788538617E-11, 3.13209464601041E-10

8.54619811135762E-14, 1.31763037037453E-12, 2.03148788538617E-11
1.31763037037453E-12, 2.03148788538617E-11, 3.13209464601041E-10
2.03148788538617E-11, 3.13209464601041E-10, 4.82898123200093E-9

1.31763037037453E-12, 2.03148788538617E-11, 3.13209464601041E-10
2.03148788538617E-11, 3.13209464601041E-10, 4.82898123200093E-9
3.13209464601041E-10, 4.82898123200093E-9, 7.44519638597782E-8

8.54619811135762E-14, 1.31763037037453E-12, 2.03148788538617E-11
1.31763037037453E-12, 2.03148788538617E-11, 3.13209464601041E-10
2.03148788538617E-11, 3.13209464601041E-10, 4.82898123200093E-9

1.31763037037453E-12, 2.03148788538617E-11, 3.13209464601041E-10
2.03148788538617E-11, 3.13209464601041E-10, 4.82898123200093E-9
3.13209464601041E-10, 4.82898123200093E-9, 7.44519638597782E-8

2.03148788538617E-11, 3.13209464601041E-10, 4.82898123200093E-9
3.13209464601041E-10, 4.82898123200093E-9, 7.44519638597782E-8
4.82898123200093E-9, 7.44519638597782E-8, 0.00000114788081714720

5.54309492257773E-15, 8.54619811135762E-14, 1.31763037037453E-12
8.54619811135762E-14, 1.31763037037453E-12, 2.03148788538617E-11
1.31763037037453E-12, 2.03148788538617E-11, 3.13209464601041E-10

8.54619811135762E-14, 1.31763037037453E-12, 2.03148788538617E-11
1.31763037037453E-12, 2.03148788538617E-11, 3.13209464601041E-10
2.03148788538617E-11, 3.13209464601041E-10, 4.82898123200093E-9

1.31763037037453E-12, 2.03148788538617E-11, 3.13209464601041E-10
2.03148788538617E-11, 3.13209464601041E-10, 4.82898123200093E-9
3.13209464601041E-10, 4.82898123200093E-9, 7.44519638597782E-8

8.54619811135762E-14, 1.31763037037453E-12, 2.03148788538617E-11
1.31763037037453E-12, 2.03148788538617E-11, 3.13209464601041E-10
2.03148788538617E-11, 3.13209464601041E-10, 4.82898123200093E-9

1.31763037037453E-12, 2.03148788538617E-11, 3.13209464601041E-10
2.03148788538617E-11, 3.13209464601041E-10, 4.82898123200093E-9
3.13209464601041E-10, 4.82898123200093E-9, 7.44519638597782E-8

2.03148788538617E-11, 3.13209464601041E-10, 4.82898123200093E-9
3.13209464601041E-10, 4.82898123200093E-9, 7.44519638597782E-8
4.82898123200093E-9, 7.44519638597782E-8, 0.00000114788081714720

1.31763037037453E-12, 2.03148788538617E-11, 3.13209464601041E-10
2.03148788538617E-11, 3.13209464601041E-10, 4.82898123200093E-9
3.13209464601041E-10, 4.82898123200093E-9, 7.44519638597782E-8

2.03148788538617E-11, 3.13209464601041E-10, 4.82898123200093E-9
3.13209464601041E-10, 4.82898123200093E-9, 7.44519638597782E-8
4.82898123200093E-9, 7.44519638597782E-8, 0.00000114788081714720

3.13209464601041E-10, 4.82898123200093E-9, 7.44519638597782E-8
4.82898123200093E-9, 7.44519638597782E-8, 0.00000114788081714720
7.44519638597782E-8, 0.00000114788081714720, 0.0000176977248425056

8.54619811135762E-14, 1.31763037037453E-12, 2.03148788538617E-11
1.31763037037453E-12, 2.03148788538617E-11, 3.13209464601041E-10
2.03148788538617E-11, 3.13209464601041E-10, 4.82898123200093E-9

1.31763037037453E-12, 2.03148788538617E-11, 3.13209464601041E-10
2.03148788538617E-11, 3.13209464601041E-10, 4.82898123200093E-9
3.13209464601041E-10, 4.82898123200093E-9, 7.44519638597782E-8

2.03148788538617E-11, 3.13209464601041E-10, 4.82898123200093E-9
3.13209464601041E-10, 4.82898123200093E-9, 7.44519638597782E-8
4.82898123200093E-9, 7.44519638597782E-8, 0.00000114788081714720

1.31763037037453E-12, 2.03148788538617E-11, 3.13209464601041E-10
2.03148788538617E-11, 3.13209464601041E-10, 4.82898123200093E-9
3.13209464601041E-10, 4.82898123200093E-9, 7.44519638597782E-8

2.03148788538617E-11, 3.13209464601041E-10, 4.82898123200093E-9
3.13209464601041E-10, 4.82898123200093E-9, 7.44519638597782E-8
4.82898123200093E-9, 7.44519638597782E-8, 0.00000114788081714720

3.13209464601041E-10, 4.82898123200093E-9, 7.44519638597782E-8
4.82898123200093E-9, 7.44519638597782E-8, 0.00000114788081714720
7.44519638597782E-8, 0.00000114788081714720, 0.0000176977248425056

2.03148788538617E-11, 3.13209464601041E-10, 4.82898123200093E-9
3.13209464601041E-10, 4.82898123200093E-9, 7.44519638597782E-8
4.82898123200093E-9, 7.44519638597782E-8, 0.00000114788081714720

3.13209464601041E-10, 4.82898123200093E-9, 7.44519638597782E-8
4.82898123200093E-9, 7.44519638597782E-8, 0.00000114788081714720
7.44519638597782E-8, 0.00000114788081714720, 0.0000176977248425056

4.82898123200093E-9, 7.44519638597782E-8, 0.00000114788081714720
7.44519638597782E-8, 0.00000114788081714720, 0.0000176977248425056
0.00000114788081714720, 0.0000176977248425056, 0.000272858871689704

5.54309492257773E-15, 8.54619811135762E-14, 1.31763037037453E-12
8.54619811135762E-14, 1.31763037037453E-12, 2.03148788538617E-11
1.31763037037453E-12, 2.03148788538617E-11, 3.13209464601041E-10

8.54619811135762E-14, 1.31763037037453E-12, 2.03148788538617E-11
1.31763037037453E-12, 2.03148788538617E-11, 3.13209464601041E-10
2.03148788538617E-11, 3.13209464601041E-10, 4.82898123200093E-9

1.31763037037453E-12, 2.03148788538617E-11, 3.13209464601041E-10
2.03148788538617E-11, 3.13209464601041E-10, 4.82898123200093E-9
3.13209464601041E-10, 4.82898123200093E-9, 7.44519638597782E-8

8.54619811135762E-14, 1.31763037037453E-12, 2.03148788538617E-11
1.31763037037453E-12, 2.03148788538617E-11, 3.13209464601041E-10
2.03148788538617E-11, 3.13209464601041E-10, 4.82898123200093E-9

1.31763037037453E-12, 2.03148788538617E-11, 3.13209464601041E-10
2.03148788538617E-11, 3.13209464601041E-10, 4.82898123200093E-9
3.13209464601041E-10, 4.82898123200093E-9, 7.44519638597782E-8

2.03148788538617E-11, 3.13209464601041E-10, 4.82898123200093E-9
3.13209464601041E-10, 4.82898123200093E-9, 7.44519638597782E-8
4.82898123200093E-9, 7.44519638597782E-8, 0.00000114788081714720

1.31763037037453E-12, 2.03148788538617E-11, 3.13209464601041E-10
2.03148788538617E-11, 3.13209464601041E-10, 4.82898123200093E-9
3.13209464601041E-10, 4.82898123200093E-9, 7.44519638597782E-8

2.03148788538617E-11, 3.13209464601041E-10, 4.82898123200093E-9
3.13209464601041E-10, 4.82898123200093E-9, 7.44519638597782E-8
4.82898123200093E-9, 7.44519638597782E-8, 0.00000114788081714720

3.13209464601041E-10, 4.82898123200093E-9, 7.44519638597782E-8
4.82898123200093E-9, 7.44519638597782E-8, 0.00000114788081714720
7.44519638597782E-8, 0.00000114788081714720, 0.0000176977248425056

8.54619811135762E-14, 1.31763037037453E-12, 2.03148788538617E-11
1.31763037037453E-12, 2.03148788538617E-11, 3.13209464601041E-10
2.03148788538617E-11, 3.13209464601041E-10, 4.82898123200093E-9

1.31763037037453E-12, 2.03148788538617E-11, 3.13209464601041E-10
2.03148788538617E-11, 3.13209464601041E-10, 4.82898123200093E-9
3.13209464601041E-10, 4.82898123200093E-9, 7.44519638597782E-8

2.03148788538617E-11, 3.13209464601041E-10, 4.82898123200093E-9
3.13209464601041E-10, 4.82898123200093E-9, 7.44519638597782E-8
4.82898123200093E-9, 7.44519638597782E-8, 0.00000114788081714720

1.31763037037453E-12, 2.03148788538617E-11, 3.13209464601041E-10
2.03148788538617E-11, 3.13209464601041E-10, 4.82898123200093E-9
3.13209464601041E-10, 4.82898123200093E-9, 7.44519638597782E-8

2.03148788538617E-11, 3.13209464601041E-10, 4.82898123200093E-9
3.13209464601041E-10, 4.82898123200093E-9, 7.44519638597782E-8
4.82898123200093E-9, 7.44519638597782E-8, 0.00000114788081714720

3.13209464601041E-10, 4.82898123200093E-9, 7.44519638597782E-8
4.82898123200093E-9, 7.44519638597782E-8, 0.00000114788081714720
7.44519638597782E-8, 0.00000114788081714720, 0.0000176977248425056

2.03148788538617E-11, 3.13209464601041E-10, 4.82898123200093E-9
3.13209464601041E-10, 4.82898123200093E-9, 7.44519638597782E-8
4.82898123200093E-9, 7.44519638597782E-8, 0.00000114788081714720

3.13209464601041E-10, 4.82898123200093E-9, 7.44519638597782E-8
4.82898123200093E-9, 7.44519638597782E-8, 0.00000114788081714720
7.44519638597782E-8, 0.00000114788081714720, 0.0000176977248425056

4.82898123200093E-9, 7.44519638597782E-8, 0.00000114788081714720
7.44519638597782E-8, 0.00000114788081714720, 0.0000176977248425056
0.00000114788081714720, 0.0000176977248425056, 0.000272858871689704

1.31763037037453E-12, 2.03148788538617E-11, 3.13209464601041E-10
2.03148788538617E-11, 3.13209464601041E-10, 4.82898123200093E-9
3.13209464601041E-10, 4.82898123200093E-9, 7.44519638597782E-8

2.03148788538617E-11, 3.13209464601041E-10, 4.82898123200093E-9
3.13209464601041E-10, 4.82898123200093E-9, 7.44519638597782E-8
4.82898123200093E-9, 7.44519638597782E-8, 0.00000114788081714720

3.13209464601041E-10, 4.82898123200093E-9, 7.44519638597782E-8
4.82898123200093E-9, 7.44519638597782E-8, 0.00000114788081714720
7.44519638597782E-8, 0.00000114788081714720, 0.0000176977248425056

2.03148788538617E-11, 3.13209464601041E-10, 4.82898123200093E-9
3.13209464601041E-10, 4.82898123200093E-9, 7.44519638597782E-8
4.82898123200093E-9, 7.44519638597782E-8, 0.00000114788081714720

3.13209464601041E-10, 4.82898123200093E-9, 7.44519638597782E-8
4.82898123200093E-9, 7.44519638597782E-8, 0.00000114788081714720
7.44519638597782E-8, 0.00000114788081714720, 0.0000176977248425056

4.82898123200093E-9, 7.44519638597782E-8, 0.00000114788081714720
7.44519638597782E-8, 0.00000114788081714720, 0.0000176977248425056
0.00000114788081714720, 0.0000176977248425056, 0.000272858871689704

3.13209464601041E-10, 4.82898123200093E-9, 7.44519638597782E-8
4.82898123200093E-9, 7.44519638597782E-8, 0.00000114788081714720
7.44519638597782E-8, 0.00000114788081714720, 0.0000176977248425056

4.82898123200093E-9, 7.44519638597782E-8, 0.00000114788081714720
7.44519638597782E-8, 0.00000114788081714720, 0.0000176977248425056
0.00000114788081714720, 0.0000176977248425056, 0.000272858871689704

7.44519638597782E-8, 0.00000114788081714720, 0.0000176977248425056
0.00000114788081714720, 0.0000176977248425056, 0.000272858871689704
0.0000176977248425056, 0.000272858871689704, 0.00420686639228127

8.54619811135762E-14, 1.31763037037453E-12, 2.03148788538617E-11
1.31763037037453E-12, 2.03148788538617E-11, 3.13209464601041E-10
2.03148788538617E-11, 3.13209464601041E-10, 4.82898123200093E-9

1.31763037037453E-12, 2.03148788538617E-11, 3.13209464601041E-10
2.03148788538617E-11, 3.13209464601041E-10, 4.82898123200093E-9
3.13209464601041E-10, 4.82898123200093E-9, 7.44519638597782E-8

2.03148788538617E-11, 3.13209464601041E-10, 4.82898123200093E-9
3.13209464601041E-10, 4.82898123200093E-9, 7.44519638597782E-8
4.82898123200093E-9, 7.44519638597782E-8, 0.00000114788081714720

1.31763037037453E-12, 2.03148788538617E-11, 3.13209464601041E-10
2.03148788538617E-11, 3.13209464601041E-10, 4.82898123200093E-9
3.13209464601041E-10, 4.82898123200093E-9, 7.44519638597782E-8

2.03148788538617E-11, 3.13209464601041E-10, 4.82898123200093E-9
3.13209464601041E-10, 4.82898123200093E-9, 7.44519638597782E-8
4.82898123200093E-9, 7.44519638597782E-8, 0.00000114788081714720

3.13209464601041E-10, 4.82898123200093E-9, 7.44519638597782E-8
4.82898123200093E-9, 7.44519638597782E-8, 0.00000114788081714720
7.44519638597782E-8, 0.00000114788081714720, 0.0000176977248425056

2.03148788538617E-11, 3.13209464601041E-10, 4.82898123200093E-9
3.13209464601041E-10, 4.82898123200093E-9, 7.44519638597782E-8
4.82898123200093E-9, 7.44519638597782E-8, 0.00000114788081714720

3.13209464601041E-10, 4.82898123200093E-9, 7.44519638597782E-8
4.82898123200093E-9, 7.44519638597782E-8, 0.00000114788081714720
7.44519638597782E-8, 0.00000114788081714720, 0.0000176977248425056

4.82898123200093E-9, 7.44519638597782E-8, 0.00000114788081714720
7.44519638597782E-8, 0.00000114788081714720, 0.0000176977248425056
0.00000114788081714720, 0.0000176977248425056, 0.000272858871689704

1.31763037037453E-12, 2.03148788538617E-11, 3.13209464601041E-10
2.03148788538617E-11, 3.13209464601041E-10, 4.82898123200093E-9
3.13209464601041E-10, 4.82898123200093E-9, 7.44519638597782E-8

2.03148788538617E-11, 3.13209464601041E-10, 4.82898123200093E-9
3.13209464601041E-10, 4.82898123200093E-9, 7.44519638597782E-8
4.82898123200093E-9, 7.44519638597782E-8, 0.00000114788081714720

3.13209464601041E-10, 4.82898123200093E-9, 7.44519638597782E-8
4.82898123200093E-9, 7.44519638597782E-8, 0.00000114788081714720
7.44519638597782E-8, 0.00000114788081714720, 0.0000176977248425056

2.03148788538617E-11, 3.13209464601041E-10, 4.82898123200093E-9
3.13209464601041E-10, 4.82898123200093E-9, 7.44519638597782E-8
4.82898123200093E-9, 7.44519638597782E-8, 0.00000114788081714720

3.13209464601041E-10, 4.82898123200093E-9, 7.44519638597782E-8
4.82898123200093E-9, 7.44519638597782E-8, 0.00000114788081714720
7.44519638597782E-8, 0.00000114788081714720, 0.0000176977248425056

4.82898123200093E-9, 7.44519638597782E-8, 0.00000114788081714720
7.44519638597782E-8, 0.00000114788081714720, 0.0000176977248425056
0.00000114788081714720, 0.0000176977248425056, 0.000272858871689704

3.13209464601041E-10, 4.82898123200093E-9, 7.44519638597782E-8
4.82898123200093E-9, 7.44519638597782E-8, 0.00000114788081714720
7.44519638597782E-8, 0.00000114788081714720, 0.0000176977248425056

4.82898123200093E-9, 7.44519638597782E-8, 0.00000114788081714720
7.44519638597782E-8, 0.00000114788081714720, 0.0000176977248425056
0.00000114788081714720, 0.0000176977248425056, 0.000272858871689704

7.44519638597782E-8, 0.00000114788081714720, 0.0000176977248425056
0.00000114788081714720, 0.0000176977248425056, 0.000272858871689704
0.0000176977248425056, 0.000272858871689704, 0.00420686639228127

2.03148788538617E-11, 3.13209464601041E-10, 4.82898123200093E-9
3.13209464601041E-10, 4.82898123200093E-9, 7.44519638597782E-8
4.82898123200093E-9, 7.44519638597782E-8, 0.00000114788081714720

3.13209464601041E-10, 4.82898123200093E-9, 7.44519638597782E-8
4.82898123200093E-9, 7.44519638597782E-8, 0.00000114788081714720
7.44519638597782E-8, 0.00000114788081714720, 0.0000176977248425056

4.82898123200093E-9, 7.44519638597782E-8, 0.00000114788081714720
7.44519638597782E-8, 0.00000114788081714720, 0.0000176977248425056
0.00000114788081714720, 0.0000176977248425056, 0.000272858871689704

3.13209464601041E-10, 4.82898123200093E-9, 7.44519638597782E-8
4.82898123200093E-9, 7.44519638597782E-8, 0.00000114788081714720
7.44519638597782E-8, 0.00000114788081714720, 0.0000176977248425056

4.82898123200093E-9, 7.44519638597782E-8, 0.00000114788081714720
7.44519638597782E-8, 0.00000114788081714720, 0.0000176977248425056
0.00000114788081714720, 0.0000176977248425056, 0.000272858871689704

7.44519638597782E-8, 0.00000114788081714720, 0.0000176977248425056
0.00000114788081714720, 0.0000176977248425056, 0.000272858871689704
0.0000176977248425056, 0.000272858871689704, 0.00420686639228127

4.82898123200093E-9, 7.44519638597782E-8, 0.00000114788081714720
7.44519638597782E-8, 0.00000114788081714720, 0.0000176977248425056
0.00000114788081714720, 0.0000176977248425056, 0.000272858871689704

7.44519638597782E-8, 0.00000114788081714720, 0.0000176977248425056
0.00000114788081714720, 0.0000176977248425056, 0.000272858871689704
0.0000176977248425056, 0.000272858871689704, 0.00420686639228127

0.00000114788081714720, 0.0000176977248425056, 0.000272858871689704
0.0000176977248425056, 0.000272858871689704, 0.00420686639228127
0.000272858871689704, 0.00420686639228127, 0.0648603607165522

5.54309492257773E-15, 8.54619811135762E-14, 1.31763037037453E-12
8.54619811135762E-14, 1.31763037037453E-12, 2.03148788538617E-11
1.31763037037453E-12, 2.03148788538617E-11, 3.13209464601041E-10

8.54619811135762E-14, 1.31763037037453E-12, 2.03148788538617E-11
1.31763037037453E-12, 2.03148788538617E-11, 3.13209464601041E-10
2.03148788538617E-11, 3.13209464601041E-10, 4.82898123200093E-9

1.31763037037453E-12, 2.03148788538617E-11, 3.13209464601041E-10
2.03148788538617E-11, 3.13209464601041E-10, 4.82898123200093E-9
3.13209464601041E-10, 4.82898123200093E-9, 7.44519638597782E-8

8.54619811135762E-14, 1.31763037037453E-12, 2.03148788538617E-11
1.31763037037453E-12, 2.03148788538617E-11, 3.13209464601041E-10
2.03148788538617E-11, 3.13209464601041E-10, 4.82898123200093E-9

1.31763037037453E-12, 2.03148788538617E-11, 3.13209464601041E-10
2.03148788538617E-11, 3.13209464601041E-10, 4.82898123200093E-9
3.13209464601041E-10, 4.82898123200093E-9, 7.44519638597782E-8

2.03148788538617E-11, 3.13209464601041E-10, 4.82898123200093E-9
3.13209464601041E-10, 4.82898123200093E-9, 7.44519638597782E-8
4.82898123200093E-9, 7.44519638597782E-8, 0.00000114788081714720

1.31763037037453E-12, 2.03148788538617E-11, 3.13209464601041E-10
2.03148788538617E-11, 3.13209464601041E-10, 4.82898123200093E-9
3.13209464601041E-10, 4.82898123200093E-9, 7.44519638597782E-8

2.03148788538617E-11, 3.13209464601041E-10, 4.82898123200093E-9
3.13209464601041E-10, 4.82898123200093E-9, 7.44519638597782E-8
4.82898123200093E-9, 7.44519638597782E-8, 0.00000114788081714720

3.13209464601041E-10, 4.82898123200093E-9, 7.44519638597782E-8
4.82898123200093E-9, 7.44519638597782E-8, 0.00000114788081714720
7.44519638597782E-8, 0.00000114788081714720, 0.0000176977248425056

8.54619811135762E-14, 1.31763037037453E-12, 2.03148788538617E-11
1.31763037037453E-12, 2.03148788538617E-11, 3.13209464601041E-10
2.03148788538617E-11, 3.13209464601041E-10, 4.82898123200093E-9

1.31763037037453E-12, 2.03148788538617E-11, 3.13209464601041E-10
2.03148788538617E-11, 3.13209464601041E-10, 4.82898123200093E-9
3.13209464601041E-10, 4.82898123200093E-9, 7.44519638597782E-8

2.03148788538617E-11, 3.13209464601041E-10, 4.82898123200093E-9
3.13209464601041E-10, 4.82898123200093E-9, 7.44519638597782E-8
4.82898123200093E-9, 7.44519638597782E-8, 0.00000114788081714720

1.31763037037453E-12, 2.03148788538617E-11, 3.13209464601041E-10
2.03148788538617E-11, 3.13209464601041E-10, 4.82898123200093E-9
3.13209464601041E-10, 4.82898123200093E-9, 7.44519638597782E-8

2.03148788538617E-11, 3.13209464601041E-10, 4.82898123200093E-9
3.13209464601041E-10, 4.82898123200093E-9, 7.44519638597782E-8
4.82898123200093E-9, 7.44519638597782E-8, 0.00000114788081714720

3.13209464601041E-10, 4.82898123200093E-9, 7.44519638597782E-8
4.82898123200093E-9, 7.44519638597782E-8, 0.00000114788081714720
7.44519638597782E-8, 0.00000114788081714720, 0.0000176977248425056

2.03148788538617E-11, 3.13209464601041E-10, 4.82898123200093E-9
3.13209464601041E-10, 4.82898123200093E-9, 7.44519638597782E-8
4.82898123200093E-9, 7.44519638597782E-8, 0.00000114788081714720

3.13209464601041E-10, 4.82898123200093E-9, 7.44519638597782E-8
4.82898123200093E-9, 7.44519638597782E-8, 0.00000114788081714720
7.44519638597782E-8, 0.00000114788081714720, 0.0000176977248425056

4.82898123200093E-9, 7.44519638597782E-8, 0.00000114788081714720
7.44519638597782E-8, 0.00000114788081714720, 0.0000176977248425056
0.00000114788081714720, 0.0000176977248425056, 0.000272858871689704

1.31763037037453E-12, 2.03148788538617E-11, 3.13209464601041E-10
2.03148788538617E-11, 3.13209464601041E-10, 4.82898123200093E-9
3.13209464601041E-10, 4.82898123200093E-9, 7.44519638597782E-8

2.03148788538617E-11, 3.13209464601041E-10, 4.82898123200093E-9
3.13209464601041E-10, 4.82898123200093E-9, 7.44519638597782E-8
4.82898123200093E-9, 7.44519638597782E-8, 0.00000114788081714720

3.13209464601041E-10, 4.82898123200093E-9, 7.44519638597782E-8
4.82898123200093E-9, 7.44519638597782E-8, 0.00000114788081714720
7.44519638597782E-8, 0.00000114788081714720, 0.0000176977248425056

2.03148788538617E-11, 3.13209464601041E-10, 4.82898123200093E-9
3.13209464601041E-10, 4.82898123200093E-9, 7.44519638597782E-8
4.82898123200093E-9, 7.44519638597782E-8, 0.00000114788081714720

3.13209464601041E-10, 4.82898123200093E-9, 7.44519638597782E-8
4.82898123200093E-9, 7.44519638597782E-8, 0.00000114788081714720
7.44519638597782E-8, 0.00000114788081714720, 0.0000176977248425056

4.82898123200093E-9, 7.44519638597782E-8, 0.00000114788081714720
7.44519638597782E-8, 0.00000114788081714720, 0.0000176977248425056
0.00000114788081714720, 0.0000176977248425056, 0.000272858871689704

3.13209464601041E-10, 4.82898123200093E-9, 7.44519638597782E-8
4.82898123200093E-9, 7.44519638597782E-8, 0.00000114788081714720
7.44519638597782E-8, 0.00000114788081714720, 0.0000176977248425056

4.82898123200093E-9, 7.44519638597782E-8, 0.00000114788081714720
7.44519638597782E-8, 0.00000114788081714720, 0.0000176977248425056
0.00000114788081714720, 0.0000176977248425056, 0.000272858871689704

7.44519638597782E-8, 0.00000114788081714720, 0.0000176977248425056
0.00000114788081714720, 0.0000176977248425056, 0.000272858871689704
0.0000176977248425056, 0.000272858871689704, 0.00420686639228127

8.54619811135762E-14, 1.31763037037453E-12, 2.03148788538617E-11
1.31763037037453E-12, 2.03148788538617E-11, 3.13209464601041E-10
2.03148788538617E-11, 3.13209464601041E-10, 4.82898123200093E-9

1.31763037037453E-12, 2.03148788538617E-11, 3.13209464601041E-10
2.03148788538617E-11, 3.13209464601041E-10, 4.82898123200093E-9
3.13209464601041E-10, 4.82898123200093E-9, 7.44519638597782E-8

2.03148788538617E-11, 3.13209464601041E-10, 4.82898123200093E-9
3.13209464601041E-10, 4.82898123200093E-9, 7.44519638597782E-8
4.82898123200093E-9, 7.44519638597782E-8, 0.00000114788081714720

1.31763037037453E-12, 2.03148788538617E-11, 3.13209464601041E-10
2.03148788538617E-11, 3.13209464601041E-10, 4.82898123200093E-9
3.13209464601041E-10, 4.82898123200093E-9, 7.44519638597782E-8

2.03148788538617E-11, 3.13209464601041E-10, 4.82898123200093E-9
3.13209464601041E-10, 4.82898123200093E-9, 7.44519638597782E-8
4.82898123200093E-9, 7.44519638597782E-8, 0.00000114788081714720

3.13209464601041E-10, 4.82898123200093E-9, 7.44519638597782E-8
4.82898123200093E-9, 7.44519638597782E-8, 0.00000114788081714720
7.44519638597782E-8, 0.00000114788081714720, 0.0000176977248425056

2.03148788538617E-11, 3.13209464601041E-10, 4.82898123200093E-9
3.13209464601041E-10, 4.82898123200093E-9, 7.44519638597782E-8
4.82898123200093E-9, 7.44519638597782E-8, 0.00000114788081714720

3.13209464601041E-10, 4.82898123200093E-9, 7.44519638597782E-8
4.82898123200093E-9, 7.44519638597782E-8, 0.00000114788081714720
7.44519638597782E-8, 0.00000114788081714720, 0.0000176977248425056

4.82898123200093E-9, 7.44519638597782E-8, 0.00000114788081714720
7.44519638597782E-8, 0.00000114788081714720, 0.0000176977248425056
0.00000114788081714720, 0.0000176977248425056, 0.000272858871689704

1.31763037037453E-12, 2.03148788538617E-11, 3.13209464601041E-10
2.03148788538617E-11, 3.13209464601041E-10, 4.82898123200093E-9
3.13209464601041E-10, 4.82898123200093E-9, 7.44519638597782E-8

2.03148788538617E-11, 3.13209464601041E-10, 4.82898123200093E-9
3.13209464601041E-10, 4.82898123200093E-9, 7.44519638597782E-8
4.82898123200093E-9, 7.44519638597782E-8, 0.00000114788081714720

3.13209464601041E-10, 4.82898123200093E-9, 7.44519638597782E-8
4.82898123200093E-9, 7.44519638597782E-8, 0.00000114788081714720
7.44519638597782E-8, 0.00000114788081714720, 0.0000176977248425056

2.03148788538617E-11, 3.13209464601041E-10, 4.82898123200093E-9
3.13209464601041E-10, 4.82898123200093E-9, 7.44519638597782E-8
4.82898123200093E-9, 7.44519638597782E-8, 0.00000114788081714720

3.13209464601041E-10, 4.82898123200093E-9, 7.44519638597782E-8
4.82898123200093E-9, 7.44519638597782E-8, 0.00000114788081714720
7.44519638597782E-8, 0.00000114788081714720, 0.0000176977248425056

4.82898123200093E-9, 7.44519638597782E-8, 0.00000114788081714720
7.44519638597782E-8, 0.00000114788081714720, 0.0000176977248425056
0.00000114788081714720, 0.0000176977248425056, 0.000272858871689704

3.13209464601041E-10, 4.82898123200093E-9, 7.44519638597782E-8
4.82898123200093E-9, 7.44519638597782E-8, 0.00000114788081714720
7.44519638597782E-8, 0.00000114788081714720, 0.0000176977248425056

4.82898123200093E-9, 7.44519638597782E-8, 0.00000114788081714720
7.44519638597782E-8, 0.00000114788081714720, 0.0000176977248425056
0.00000114788081714720, 0.0000176977248425056, 0.000272858871689704

7.44519638597782E-8, 0.00000114788081714720, 0.0000176977248425056
0.00000114788081714720, 0.0000176977248425056, 0.000272858871689704
0.0000176977248425056, 0.000272858871689704, 0.00420686639228127

2.03148788538617E-11, 3.13209464601041E-10, 4.82898123200093E-9
3.13209464601041E-10, 4.82898123200093E-9, 7.44519638597782E-8
4.82898123200093E-9, 7.44519638597782E-8, 0.00000114788081714720

3.13209464601041E-10, 4.82898123200093E-9, 7.44519638597782E-8
4.82898123200093E-9, 7.44519638597782E-8, 0.00000114788081714720
7.44519638597782E-8, 0.00000114788081714720, 0.0000176977248425056

4.82898123200093E-9, 7.44519638597782E-8, 0.00000114788081714720
7.44519638597782E-8, 0.00000114788081714720, 0.0000176977248425056
0.00000114788081714720, 0.0000176977248425056, 0.000272858871689704

3.13209464601041E-10, 4.82898123200093E-9, 7.44519638597782E-8
4.82898123200093E-9, 7.44519638597782E-8, 0.00000114788081714720
7.44519638597782E-8, 0.00000114788081714720, 0.0000176977248425056

4.82898123200093E-9, 7.44519638597782E-8, 0.00000114788081714720
7.44519638597782E-8, 0.00000114788081714720, 0.0000176977248425056
0.00000114788081714720, 0.0000176977248425056, 0.000272858871689704

7.44519638597782E-8, 0.00000114788081714720, 0.0000176977248425056
0.00000114788081714720, 0.0000176977248425056, 0.000272858871689704
0.0000176977248425056, 0.000272858871689704, 0.00420686639228127

4.82898123200093E-9, 7.44519638597782E-8, 0.00000114788081714720
7.44519638597782E-8, 0.00000114788081714720, 0.0000176977248425056
0.00000114788081714720, 0.0000176977248425056, 0.000272858871689704

7.44519638597782E-8, 0.00000114788081714720, 0.0000176977248425056
0.00000114788081714720, 0.0000176977248425056, 0.000272858871689704
0.0000176977248425056, 0.000272858871689704, 0.00420686639228127

0.00000114788081714720, 0.0000176977248425056, 0.000272858871689704
0.0000176977248425056, 0.000272858871689704, 0.00420686639228127
0.000272858871689704, 0.00420686639228127, 0.0648603607165522

1.31763037037453E-12, 2.03148788538617E-11, 3.13209464601041E-10
2.03148788538617E-11, 3.13209464601041E-10, 4.82898123200093E-9
3.13209464601041E-10, 4.82898123200093E-9, 7.44519638597782E-8

2.03148788538617E-11, 3.13209464601041E-10, 4.82898123200093E-9
3.13209464601041E-10, 4.82898123200093E-9, 7.44519638597782E-8
4.82898123200093E-9, 7.44519638597782E-8, 0.00000114788081714720

3.13209464601041E-10, 4.82898123200093E-9, 7.44519638597782E-8
4.82898123200093E-9, 7.44519638597782E-8, 0.00000114788081714720
7.44519638597782E-8, 0.00000114788081714720, 0.0000176977248425056

2.03148788538617E-11, 3.13209464601041E-10, 4.82898123200093E-9
3.13209464601041E-10, 4.82898123200093E-9, 7.44519638597782E-8
4.82898123200093E-9, 7.44519638597782E-8, 0.00000114788081714720

3.13209464601041E-10, 4.82898123200093E-9, 7.44519638597782E-8
4.82898123200093E-9, 7.44519638597782E-8, 0.00000114788081714720
7.44519638597782E-8, 0.00000114788081714720, 0.0000176977248425056

4.82898123200093E-9, 7.44519638597782E-8, 0.00000114788081714720
7.44519638597782E-8, 0.00000114788081714720, 0.0000176977248425056
0.00000114788081714720, 0.0000176977248425056, 0.000272858871689704

3.13209464601041E-10, 4.82898123200093E-9, 7.44519638597782E-8
4.82898123200093E-9, 7.44519638597782E-8, 0.00000114788081714720
7.44519638597782E-8, 0.00000114788081714720, 0.0000176977248425056

4.82898123200093E-9, 7.44519638597782E-8, 0.00000114788081714720
7.44519638597782E-8, 0.00000114788081714720, 0.0000176977248425056
0.00000114788081714720, 0.0000176977248425056, 0.000272858871689704

7.44519638597782E-8, 0.00000114788081714720, 0.0000176977248425056
0.00000114788081714720, 0.0000176977248425056, 0.000272858871689704
0.0000176977248425056, 0.000272858871689704, 0.00420686639228127

2.03148788538617E-11, 3.13209464601041E-10, 4.82898123200093E-9
3.13209464601041E-10, 4.82898123200093E-9, 7.44519638597782E-8
4.82898123200093E-9, 7.44519638597782E-8, 0.00000114788081714720

3.13209464601041E-10, 4.82898123200093E-9, 7.44519638597782E-8
4.82898123200093E-9, 7.44519638597782E-8, 0.00000114788081714720
7.44519638597782E-8, 0.00000114788081714720, 0.0000176977248425056

4.82898123200093E-9, 7.44519638597782E-8, 0.00000114788081714720
7.44519638597782E-8, 0.00000114788081714720, 0.0000176977248425056
0.00000114788081714720, 0.0000176977248425056, 0.000272858871689704

3.13209464601041E-10, 4.82898123200093E-9, 7.44519638597782E-8
4.82898123200093E-9, 7.44519638597782E-8, 0.00000114788081714720
7.44519638597782E-8, 0.00000114788081714720, 0.0000176977248425056

4.82898123200093E-9, 7.44519638597782E-8, 0.00000114788081714720
7.44519638597782E-8, 0.00000114788081714720, 0.0000176977248425056
0.00000114788081714720, 0.0000176977248425056, 0.000272858871689704

7.44519638597782E-8, 0.00000114788081714720, 0.0000176977248425056
0.00000114788081714720, 0.0000176977248425056, 0.000272858871689704
0.0000176977248425056, 0.000272858871689704, 0.00420686639228127

4.82898123200093E-9, 7.44519638597782E-8, 0.00000114788081714720
7.44519638597782E-8, 0.00000114788081714720, 0.0000176977248425056
0.00000114788081714720, 0.0000176977248425056, 0.000272858871689704

7.44519638597782E-8, 0.00000114788081714720, 0.0000176977248425056
0.00000114788081714720, 0.0000176977248425056, 0.000272858871689704
0.0000176977248425056, 0.000272858871689704, 0.00420686639228127

0.00000114788081714720, 0.0000176977248425056, 0.000272858871689704
0.0000176977248425056, 0.000272858871689704, 0.00420686639228127
0.000272858871689704, 0.00420686639228127, 0.0648603607165522

3.13209464601041E-10, 4.82898123200093E-9, 7.44519638597782E-8
4.82898123200093E-9, 7.44519638597782E-8, 0.00000114788081714720
7.44519638597782E-8, 0.00000114788081714720, 0.0000176977248425056

4.82898123200093E-9, 7.44519638597782E-8, 0.00000114788081714720
7.44519638597782E-8, 0.00000114788081714720, 0.0000176977248425056
0.00000114788081714720, 0.0000176977248425056, 0.000272858871689704

7.44519638597782E-8, 0.00000114788081714720, 0.0000176977248425056
0.00000114788081714720, 0.0000176977248425056, 0.000272858871689704
0.0000176977248425056, 0.000272858871689704, 0.00420686639228127

4.82898123200093E-9, 7.44519638597782E-8, 0.00000114788081714720
7.44519638597782E-8, 0.00000114788081714720, 0.0000176977248425056
0.00000114788081714720, 0.0000176977248425056, 0.000272858871689704

7.44519638597782E-8, 0.00000114788081714720, 0.0000176977248425056
0.00000114788081714720, 0.0000176977248425056, 0.000272858871689704
0.0000176977248425056, 0.000272858871689704, 0.00420686639228127

0.00000114788081714720, 0.0000176977248425056, 0.000272858871689704
0.0000176977248425056, 0.000272858871689704, 0.00420686639228127
0.000272858871689704, 0.00420686639228127, 0.0648603607165522

7.44519638597782E-8, 0.00000114788081714720, 0.0000176977248425056
0.00000114788081714720, 0.0000176977248425056, 0.000272858871689704
0.0000176977248425056, 0.000272858871689704, 0.00420686639228127

0.00000114788081714720, 0.0000176977248425056, 0.000272858871689704
0.0000176977248425056, 0.000272858871689704, 0.00420686639228127
0.000272858871689704, 0.00420686639228127, 0.0648603607165522

0.0000176977248425056, 0.000272858871689704, 0.00420686639228127
0.000272858871689704, 0.00420686639228127, 0.0648603607165522
0.00420686639228127, 0.0648603607165522, 1.00000000000000
 