Attribute names:	P0	P1	P2	P3	P4
Minor allele frequencies:	0.050	0.050	0.050	0.050	0.050
x: 1.14163338680027e-23
y: 195.900733454634
Prevalence: 2.45339729239760e-13
Heritability: 0.400000000000000

Table:

1.14163338680027E-23, 2.24788451197270E-21, 4.42610109128736E-19
2.24788451197270E-21, 4.42610109128736E-19, 8.71502551218837E-17
4.42610109128736E-19, 8.71502551218837E-17, 1.71599491542574E-14

2.24788451197270E-21, 4.42610109128736E-19, 8.71502551218837E-17
4.42610109128736E-19, 8.71502551218837E-17, 1.71599491542574E-14
8.71502551218837E-17, 1.71599491542574E-14, 3.37880657451750E-12

4.42610109128736E-19, 8.71502551218837E-17, 1.71599491542574E-14
8.71502551218837E-17, 1.71599491542574E-14, 3.37880657451750E-12
1.71599491542574E-14, 3.37880657451750E-12, 6.65289492723834E-10

2.24788451197270E-21, 4.42610109128736E-19, 8.71502551218837E-17
4.42610109128736E-19, 8.71502551218837E-17, 1.71599491542574E-14
8.71502551218837E-17, 1.71599491542574E-14, 3.37880657451750E-12

4.42610109128736E-19, 8.71502551218837E-17, 1.71599491542574E-14
8.71502551218837E-17, 1.71599491542574E-14, 3.37880657451750E-12
1.71599491542574E-14, 3.37880657451750E-12, 6.65289492723834E-10

8.71502551218837E-17, 1.71599491542574E-14, 3.37880657451750E-12
1.71599491542574E-14, 3.37880657451750E-12, 6.65289492723834E-10
3.37880657451750E-12, 6.65289492723834E-10, 1.30995989076984E-7

4.42610109128736E-19, 8.71502551218837E-17, 1.71599491542574E-14
8.71502551218837E-17, 1.71599491542574E-14, 3.37880657451750E-12
1.71599491542574E-14, 3.37880657451750E-12, 6.65289492723834E-10

8.71502551218837E-17, 1.71599491542574E-14, 3.37880657451750E-12
1.71599491542574E-14, 3.37880657451750E-12, 6.65289492723834E-10
3.37880657451750E-12, 6.65289492723834E-10, 1.30995989076984E-7

1.71599491542574E-14, 3.37880657451750E-12, 6.65289492723834E-10
3.37880657451750E-12, 6.65289492723834E-10, 1.30995989076984E-7
6.65289492723834E-10, 1.30995989076984E-7, 0.0000257932063288734

2.24788451197270E-21, 4.42610109128736E-19, 8.71502551218837E-17
4.42610109128736E-19, 8.71502551218837E-17, 1.71599491542574E-14
8.71502551218837E-17, 1.71599491542574E-14, 3.37880657451750E-12

4.42610109128736E-19, 8.71502551218837E-17, 1.71599491542574E-14
8.71502551218837E-17, 1.71599491542574E-14, 3.37880657451750E-12
1.71599491542574E-14, 3.37880657451750E-12, 6.65289492723834E-10

8.71502551218837E-17, 1.71599491542574E-14, 3.37880657451750E-12
1.71599491542574E-14, 3.37880657451750E-12, 6.65289492723834E-10
3.37880657451750E-12, 6.65289492723834E-10, 1.30995989076984E-7

4.42610109128736E-19, 8.71502551218837E-17, 1.71599491542574E-14
8.71502551218837E-17, 1.71599491542574E-14, 3.37880657451750E-12
1.71599491542574E-14, 3.37880657451750E-12, 6.65289492723834E-10

8.71502551218837E-17, 1.71599491542574E-14, 3.37880657451750E-12
1.71599491542574E-14, 3.37880657451750E-12, 6.65289492723834E-10
3.37880657451750E-12, 6.65289492723834E-10, 1.30995989076984E-7

1.71599491542574E-14, 3.37880657451750E-12, 6.65289492723834E-10
3.37880657451750E-12, 6.65289492723834E-10, 1.30995989076984E-7
6.65289492723834E-10, 1.30995989076984E-7, 0.0000257932063288734

8.71502551218837E-17, 1.71599491542574E-14, 3.37880657451750E-12
1.71599491542574E-14, 3.37880657451750E-12, 6.65289492723834E-10
3.37880657451750E-12, 6.65289492723834E-10, 1.30995989076984E-7

1.71599491542574E-14, 3.37880657451750E-12, 6.65289492723834E-10
3.37880657451750E-12, 6.65289492723834E-10, 1.30995989076984E-7
6.65289492723834E-10, 1.30995989076984E-7, 0.0000257932063288734

3.37880657451750E-12, 6.65289492723834E-10, 1.30995989076984E-7
6.65289492723834E-10, 1.30995989076984E-7, 0.0000257932063288734
1.30995989076984E-7, 0.0000257932063288734, 0.00507870124430187

4.42610109128736E-19, 8.71502551218837E-17, 1.71599491542574E-14
8.71502551218837E-17, 1.71599491542574E-14, 3.37880657451750E-12
1.71599491542574E-14, 3.37880657451750E-12, 6.65289492723834E-10

8.71502551218837E-17, 1.71599491542574E-14, 3.37880657451750E-12
1.71599491542574E-14, 3.37880657451750E-12, 6.65289492723834E-10
3.37880657451750E-12, 6.65289492723834E-10, 1.30995989076984E-7

1.71599491542574E-14, 3.37880657451750E-12, 6.65289492723834E-10
3.37880657451750E-12, 6.65289492723834E-10, 1.30995989076984E-7
6.65289492723834E-10, 1.30995989076984E-7, 0.0000257932063288734

8.71502551218837E-17, 1.71599491542574E-14, 3.37880657451750E-12
1.71599491542574E-14, 3.37880657451750E-12, 6.65289492723834E-10
3.37880657451750E-12, 6.65289492723834E-10, 1.30995989076984E-7

1.71599491542574E-14, 3.37880657451750E-12, 6.65289492723834E-10
3.37880657451750E-12, 6.65289492723834E-10, 1.30995989076984E-7
6.65289492723834E-10, 1.30995989076984E-7, 0.0000257932063288734

3.37880657451750E-12, 6.65289492723834E-10, 1.30995989076984E-7
6.65289492723834E-10, 1.30995989076984E-7, 0.0000257932063288734
1.30995989076984E-7, 0.0000257932063288734, 0.00507870124430187

1.71599491542574E-14, 3.37880657451750E-12, 6.65289492723834E-10
3.37880657451750E-12, 6.65289492723834E-10, 1.30995989076984E-7
6.65289492723834E-10, 1.30995989076984E-7, 0.0000257932063288734

3.37880657451750E-12, 6.65289492723834E-10, 1.30995989076984E-7
6.65289492723834E-10, 1.30995989076984E-7, 0.0000257932063288734
1.30995989076984E-7, 0.0000257932063288734, 0.00507870124430187

6.65289492723834E-10, 1.30995989076984E-7, 0.0000257932063288734
1.30995989076984E-7, 0.0000257932063288734, 0.00507870124430187
0.0000257932063288734, 0.00507870124430187, 1.00000000000000
 