Attribute names:	P0	P1	P2	P3	P4	P5	P6
Minor allele frequencies:	0.500	0.500	0.500	0.500	0.500	0.500	0.500
x: 0.740700811225524
y: 0.0216713786529392
Prevalence: 0.861332350311534
Heritability: 0.0100000000000000

Table:

0.740700811225524, 0.756752818974132, 0.773152695860799
0.756752818974132, 0.773152695860799, 0.789907980689340
0.773152695860799, 0.789907980689340, 0.807026375639837

0.756752818974132, 0.773152695860799, 0.789907980689340
0.773152695860799, 0.789907980689340, 0.807026375639837
0.789907980689340, 0.807026375639837, 0.824515749809237

0.773152695860799, 0.789907980689340, 0.807026375639837
0.789907980689340, 0.807026375639837, 0.824515749809237
0.807026375639837, 0.824515749809237, 0.842384142828665

0.756752818974132, 0.773152695860799, 0.789907980689340
0.773152695860799, 0.789907980689340, 0.807026375639837
0.789907980689340, 0.807026375639837, 0.824515749809237

0.773152695860799, 0.789907980689340, 0.807026375639837
0.789907980689340, 0.807026375639837, 0.824515749809237
0.807026375639837, 0.824515749809237, 0.842384142828665

0.789907980689340, 0.807026375639837, 0.824515749809237
0.807026375639837, 0.824515749809237, 0.842384142828665
0.824515749809237, 0.842384142828665, 0.860639768559136

0.773152695860799, 0.789907980689340, 0.807026375639837
0.789907980689340, 0.807026375639837, 0.824515749809237
0.807026375639837, 0.824515749809237, 0.842384142828665

0.789907980689340, 0.807026375639837, 0.824515749809237
0.807026375639837, 0.824515749809237, 0.842384142828665
0.824515749809237, 0.842384142828665, 0.860639768559136

0.807026375639837, 0.824515749809237, 0.842384142828665
0.824515749809237, 0.842384142828665, 0.860639768559136
0.842384142828665, 0.860639768559136, 0.879291018867360

0.756752818974132, 0.773152695860799, 0.789907980689340
0.773152695860799, 0.789907980689340, 0.807026375639837
0.789907980689340, 0.807026375639837, 0.824515749809237

0.773152695860799, 0.789907980689340, 0.807026375639837
0.789907980689340, 0.807026375639837, 0.824515749809237
0.807026375639837, 0.824515749809237, 0.842384142828665

0.789907980689340, 0.807026375639837, 0.824515749809237
0.807026375639837, 0.824515749809237, 0.842384142828665
0.824515749809237, 0.842384142828665, 0.860639768559136

0.773152695860799, 0.789907980689340, 0.807026375639837
0.789907980689340, 0.807026375639837, 0.824515749809237
0.807026375639837, 0.824515749809237, 0.842384142828665

0.789907980689340, 0.807026375639837, 0.824515749809237
0.807026375639837, 0.824515749809237, 0.842384142828665
0.824515749809237, 0.842384142828665, 0.860639768559136

0.807026375639837, 0.824515749809237, 0.842384142828665
0.824515749809237, 0.842384142828665, 0.860639768559136
0.842384142828665, 0.860639768559136, 0.879291018867360

0.789907980689340, 0.807026375639837, 0.824515749809237
0.807026375639837, 0.824515749809237, 0.842384142828665
0.824515749809237, 0.842384142828665, 0.860639768559136

0.807026375639837, 0.824515749809237, 0.842384142828665
0.824515749809237, 0.842384142828665, 0.860639768559136
0.842384142828665, 0.860639768559136, 0.879291018867360

0.824515749809237, 0.842384142828665, 0.860639768559136
0.842384142828665, 0.860639768559136, 0.879291018867360
0.860639768559136, 0.879291018867360, 0.898346467483363

0.773152695860799, 0.789907980689340, 0.807026375639837
0.789907980689340, 0.807026375639837, 0.824515749809237
0.807026375639837, 0.824515749809237, 0.842384142828665

0.789907980689340, 0.807026375639837, 0.824515749809237
0.807026375639837, 0.824515749809237, 0.842384142828665
0.824515749809237, 0.842384142828665, 0.860639768559136

0.807026375639837, 0.824515749809237, 0.842384142828665
0.824515749809237, 0.842384142828665, 0.860639768559136
0.842384142828665, 0.860639768559136, 0.879291018867360

0.789907980689340, 0.807026375639837, 0.824515749809237
0.807026375639837, 0.824515749809237, 0.842384142828665
0.824515749809237, 0.842384142828665, 0.860639768559136

0.807026375639837, 0.824515749809237, 0.842384142828665
0.824515749809237, 0.842384142828665, 0.860639768559136
0.842384142828665, 0.860639768559136, 0.879291018867360

0.824515749809237, 0.842384142828665, 0.860639768559136
0.842384142828665, 0.860639768559136, 0.879291018867360
0.860639768559136, 0.879291018867360, 0.898346467483363

0.807026375639837, 0.824515749809237, 0.842384142828665
0.824515749809237, 0.842384142828665, 0.860639768559136
0.842384142828665, 0.860639768559136, 0.879291018867360

0.824515749809237, 0.842384142828665, 0.860639768559136
0.842384142828665, 0.860639768559136, 0.879291018867360
0.860639768559136, 0.879291018867360, 0.898346467483363

0.842384142828665, 0.860639768559136, 0.879291018867360
0.860639768559136, 0.879291018867360, 0.898346467483363
0.879291018867360, 0.898346467483363, 0.917814873941725

0.756752818974132, 0.773152695860799, 0.789907980689340
0.773152695860799, 0.789907980689340, 0.807026375639837
0.789907980689340, 0.807026375639837, 0.824515749809237

0.773152695860799, 0.789907980689340, 0.807026375639837
0.789907980689340, 0.807026375639837, 0.824515749809237
0.807026375639837, 0.824515749809237, 0.842384142828665

0.789907980689340, 0.807026375639837, 0.824515749809237
0.807026375639837, 0.824515749809237, 0.842384142828665
0.824515749809237, 0.842384142828665, 0.860639768559136

0.773152695860799, 0.789907980689340, 0.807026375639837
0.789907980689340, 0.807026375639837, 0.824515749809237
0.807026375639837, 0.824515749809237, 0.842384142828665

0.789907980689340, 0.807026375639837, 0.824515749809237
0.807026375639837, 0.824515749809237, 0.842384142828665
0.824515749809237, 0.842384142828665, 0.860639768559136

0.807026375639837, 0.824515749809237, 0.842384142828665
0.824515749809237, 0.842384142828665, 0.860639768559136
0.842384142828665, 0.860639768559136, 0.879291018867360

0.789907980689340, 0.807026375639837, 0.824515749809237
0.807026375639837, 0.824515749809237, 0.842384142828665
0.824515749809237, 0.842384142828665, 0.860639768559136

0.807026375639837, 0.824515749809237, 0.842384142828665
0.824515749809237, 0.842384142828665, 0.860639768559136
0.842384142828665, 0.860639768559136, 0.879291018867360

0.824515749809237, 0.842384142828665, 0.860639768559136
0.842384142828665, 0.860639768559136, 0.879291018867360
0.860639768559136, 0.879291018867360, 0.898346467483363

0.773152695860799, 0.789907980689340, 0.807026375639837
0.789907980689340, 0.807026375639837, 0.824515749809237
0.807026375639837, 0.824515749809237, 0.842384142828665

0.789907980689340, 0.807026375639837, 0.824515749809237
0.807026375639837, 0.824515749809237, 0.842384142828665
0.824515749809237, 0.842384142828665, 0.860639768559136

0.807026375639837, 0.824515749809237, 0.842384142828665
0.824515749809237, 0.842384142828665, 0.860639768559136
0.842384142828665, 0.860639768559136, 0.879291018867360

0.789907980689340, 0.807026375639837, 0.824515749809237
0.807026375639837, 0.824515749809237, 0.842384142828665
0.824515749809237, 0.842384142828665, 0.860639768559136

0.807026375639837, 0.824515749809237, 0.842384142828665
0.824515749809237, 0.842384142828665, 0.860639768559136
0.842384142828665, 0.860639768559136, 0.879291018867360

0.824515749809237, 0.842384142828665, 0.860639768559136
0.842384142828665, 0.860639768559136, 0.879291018867360
0.860639768559136, 0.879291018867360, 0.898346467483363

0.807026375639837, 0.824515749809237, 0.842384142828665
0.824515749809237, 0.842384142828665, 0.860639768559136
0.842384142828665, 0.860639768559136, 0.879291018867360

0.824515749809237, 0.842384142828665, 0.860639768559136
0.842384142828665, 0.860639768559136, 0.879291018867360
0.860639768559136, 0.879291018867360, 0.898346467483363

0.842384142828665, 0.860639768559136, 0.879291018867360
0.860639768559136, 0.879291018867360, 0.898346467483363
0.879291018867360, 0.898346467483363, 0.917814873941725

0.789907980689340, 0.807026375639837, 0.824515749809237
0.807026375639837, 0.824515749809237, 0.842384142828665
0.824515749809237, 0.842384142828665, 0.860639768559136

0.807026375639837, 0.824515749809237, 0.842384142828665
0.824515749809237, 0.842384142828665, 0.860639768559136
0.842384142828665, 0.860639768559136, 0.879291018867360

0.824515749809237, 0.842384142828665, 0.860639768559136
0.842384142828665, 0.860639768559136, 0.879291018867360
0.860639768559136, 0.879291018867360, 0.898346467483363

0.807026375639837, 0.824515749809237, 0.842384142828665
0.824515749809237, 0.842384142828665, 0.860639768559136
0.842384142828665, 0.860639768559136, 0.879291018867360

0.824515749809237, 0.842384142828665, 0.860639768559136
0.842384142828665, 0.860639768559136, 0.879291018867360
0.860639768559136, 0.879291018867360, 0.898346467483363

0.842384142828665, 0.860639768559136, 0.879291018867360
0.860639768559136, 0.879291018867360, 0.898346467483363
0.879291018867360, 0.898346467483363, 0.917814873941725

0.824515749809237, 0.842384142828665, 0.860639768559136
0.842384142828665, 0.860639768559136, 0.879291018867360
0.860639768559136, 0.879291018867360, 0.898346467483363

0.842384142828665, 0.860639768559136, 0.879291018867360
0.860639768559136, 0.879291018867360, 0.898346467483363
0.879291018867360, 0.898346467483363, 0.917814873941725

0.860639768559136, 0.879291018867360, 0.898346467483363
0.879291018867360, 0.898346467483363, 0.917814873941725
0.898346467483363, 0.917814873941725, 0.937705187608216

0.773152695860799, 0.789907980689340, 0.807026375639837
0.789907980689340, 0.807026375639837, 0.824515749809237
0.807026375639837, 0.824515749809237, 0.842384142828665

0.789907980689340, 0.807026375639837, 0.824515749809237
0.807026375639837, 0.824515749809237, 0.842384142828665
0.824515749809237, 0.842384142828665, 0.860639768559136

0.807026375639837, 0.824515749809237, 0.842384142828665
0.824515749809237, 0.842384142828665, 0.860639768559136
0.842384142828665, 0.860639768559136, 0.879291018867360

0.789907980689340, 0.807026375639837, 0.824515749809237
0.807026375639837, 0.824515749809237, 0.842384142828665
0.824515749809237, 0.842384142828665, 0.860639768559136

0.807026375639837, 0.824515749809237, 0.842384142828665
0.824515749809237, 0.842384142828665, 0.860639768559136
0.842384142828665, 0.860639768559136, 0.879291018867360

0.824515749809237, 0.842384142828665, 0.860639768559136
0.842384142828665, 0.860639768559136, 0.879291018867360
0.860639768559136, 0.879291018867360, 0.898346467483363

0.807026375639837, 0.824515749809237, 0.842384142828665
0.824515749809237, 0.842384142828665, 0.860639768559136
0.842384142828665, 0.860639768559136, 0.879291018867360

0.824515749809237, 0.842384142828665, 0.860639768559136
0.842384142828665, 0.860639768559136, 0.879291018867360
0.860639768559136, 0.879291018867360, 0.898346467483363

0.842384142828665, 0.860639768559136, 0.879291018867360
0.860639768559136, 0.879291018867360, 0.898346467483363
0.879291018867360, 0.898346467483363, 0.917814873941725

0.789907980689340, 0.807026375639837, 0.824515749809237
0.807026375639837, 0.824515749809237, 0.842384142828665
0.824515749809237, 0.842384142828665, 0.860639768559136

0.807026375639837, 0.824515749809237, 0.842384142828665
0.824515749809237, 0.842384142828665, 0.860639768559136
0.842384142828665, 0.860639768559136, 0.879291018867360

0.824515749809237, 0.842384142828665, 0.860639768559136
0.842384142828665, 0.860639768559136, 0.879291018867360
0.860639768559136, 0.879291018867360, 0.898346467483363

0.807026375639837, 0.824515749809237, 0.842384142828665
0.824515749809237, 0.842384142828665, 0.860639768559136
0.842384142828665, 0.860639768559136, 0.879291018867360

0.824515749809237, 0.842384142828665, 0.860639768559136
0.842384142828665, 0.860639768559136, 0.879291018867360
0.860639768559136, 0.879291018867360, 0.898346467483363

0.842384142828665, 0.860639768559136, 0.879291018867360
0.860639768559136, 0.879291018867360, 0.898346467483363
0.879291018867360, 0.898346467483363, 0.917814873941725

0.824515749809237, 0.842384142828665, 0.860639768559136
0.842384142828665, 0.860639768559136, 0.879291018867360
0.860639768559136, 0.879291018867360, 0.898346467483363

0.842384142828665, 0.860639768559136, 0.879291018867360
0.860639768559136, 0.879291018867360, 0.898346467483363
0.879291018867360, 0.898346467483363, 0.917814873941725

0.860639768559136, 0.879291018867360, 0.898346467483363
0.879291018867360, 0.898346467483363, 0.917814873941725
0.898346467483363, 0.917814873941725, 0.937705187608216

0.807026375639837, 0.824515749809237, 0.842384142828665
0.824515749809237, 0.842384142828665, 0.860639768559136
0.842384142828665, 0.860639768559136, 0.879291018867360

0.824515749809237, 0.842384142828665, 0.860639768559136
0.842384142828665, 0.860639768559136, 0.879291018867360
0.860639768559136, 0.879291018867360, 0.898346467483363

0.842384142828665, 0.860639768559136, 0.879291018867360
0.860639768559136, 0.879291018867360, 0.898346467483363
0.879291018867360, 0.898346467483363, 0.917814873941725

0.824515749809237, 0.842384142828665, 0.860639768559136
0.842384142828665, 0.860639768559136, 0.879291018867360
0.860639768559136, 0.879291018867360, 0.898346467483363

0.842384142828665, 0.860639768559136, 0.879291018867360
0.860639768559136, 0.879291018867360, 0.898346467483363
0.879291018867360, 0.898346467483363, 0.917814873941725

0.860639768559136, 0.879291018867360, 0.898346467483363
0.879291018867360, 0.898346467483363, 0.917814873941725
0.898346467483363, 0.917814873941725, 0.937705187608216

0.842384142828665, 0.860639768559136, 0.879291018867360
0.860639768559136, 0.879291018867360, 0.898346467483363
0.879291018867360, 0.898346467483363, 0.917814873941725

0.860639768559136, 0.879291018867360, 0.898346467483363
0.879291018867360, 0.898346467483363, 0.917814873941725
0.898346467483363, 0.917814873941725, 0.937705187608216

0.879291018867360, 0.898346467483363, 0.917814873941725
0.898346467483363, 0.917814873941725, 0.937705187608216
0.917814873941725, 0.937705187608216, 0.958026551793699

0.756752818974132, 0.773152695860799, 0.789907980689340
0.773152695860799, 0.789907980689340, 0.807026375639837
0.789907980689340, 0.807026375639837, 0.824515749809237

0.773152695860799, 0.789907980689340, 0.807026375639837
0.789907980689340, 0.807026375639837, 0.824515749809237
0.807026375639837, 0.824515749809237, 0.842384142828665

0.789907980689340, 0.807026375639837, 0.824515749809237
0.807026375639837, 0.824515749809237, 0.842384142828665
0.824515749809237, 0.842384142828665, 0.860639768559136

0.773152695860799, 0.789907980689340, 0.807026375639837
0.789907980689340, 0.807026375639837, 0.824515749809237
0.807026375639837, 0.824515749809237, 0.842384142828665

0.789907980689340, 0.807026375639837, 0.824515749809237
0.807026375639837, 0.824515749809237, 0.842384142828665
0.824515749809237, 0.842384142828665, 0.860639768559136

0.807026375639837, 0.824515749809237, 0.842384142828665
0.824515749809237, 0.842384142828665, 0.860639768559136
0.842384142828665, 0.860639768559136, 0.879291018867360

0.789907980689340, 0.807026375639837, 0.824515749809237
0.807026375639837, 0.824515749809237, 0.842384142828665
0.824515749809237, 0.842384142828665, 0.860639768559136

0.807026375639837, 0.824515749809237, 0.842384142828665
0.824515749809237, 0.842384142828665, 0.860639768559136
0.842384142828665, 0.860639768559136, 0.879291018867360

0.824515749809237, 0.842384142828665, 0.860639768559136
0.842384142828665, 0.860639768559136, 0.879291018867360
0.860639768559136, 0.879291018867360, 0.898346467483363

0.773152695860799, 0.789907980689340, 0.807026375639837
0.789907980689340, 0.807026375639837, 0.824515749809237
0.807026375639837, 0.824515749809237, 0.842384142828665

0.789907980689340, 0.807026375639837, 0.824515749809237
0.807026375639837, 0.824515749809237, 0.842384142828665
0.824515749809237, 0.842384142828665, 0.860639768559136

0.807026375639837, 0.824515749809237, 0.842384142828665
0.824515749809237, 0.842384142828665, 0.860639768559136
0.842384142828665, 0.860639768559136, 0.879291018867360

0.789907980689340, 0.807026375639837, 0.824515749809237
0.807026375639837, 0.824515749809237, 0.842384142828665
0.824515749809237, 0.842384142828665, 0.860639768559136

0.807026375639837, 0.824515749809237, 0.842384142828665
0.824515749809237, 0.842384142828665, 0.860639768559136
0.842384142828665, 0.860639768559136, 0.879291018867360

0.824515749809237, 0.842384142828665, 0.860639768559136
0.842384142828665, 0.860639768559136, 0.879291018867360
0.860639768559136, 0.879291018867360, 0.898346467483363

0.807026375639837, 0.824515749809237, 0.842384142828665
0.824515749809237, 0.842384142828665, 0.860639768559136
0.842384142828665, 0.860639768559136, 0.879291018867360

0.824515749809237, 0.842384142828665, 0.860639768559136
0.842384142828665, 0.860639768559136, 0.879291018867360
0.860639768559136, 0.879291018867360, 0.898346467483363

0.842384142828665, 0.860639768559136, 0.879291018867360
0.860639768559136, 0.879291018867360, 0.898346467483363
0.879291018867360, 0.898346467483363, 0.917814873941725

0.789907980689340, 0.807026375639837, 0.824515749809237
0.807026375639837, 0.824515749809237, 0.842384142828665
0.824515749809237, 0.842384142828665, 0.860639768559136

0.807026375639837, 0.824515749809237, 0.842384142828665
0.824515749809237, 0.842384142828665, 0.860639768559136
0.842384142828665, 0.860639768559136, 0.879291018867360

0.824515749809237, 0.842384142828665, 0.860639768559136
0.842384142828665, 0.860639768559136, 0.879291018867360
0.860639768559136, 0.879291018867360, 0.898346467483363

0.807026375639837, 0.824515749809237, 0.842384142828665
0.824515749809237, 0.842384142828665, 0.860639768559136
0.842384142828665, 0.860639768559136, 0.879291018867360

0.824515749809237, 0.842384142828665, 0.860639768559136
0.842384142828665, 0.860639768559136, 0.879291018867360
0.860639768559136, 0.879291018867360, 0.898346467483363

0.842384142828665, 0.860639768559136, 0.879291018867360
0.860639768559136, 0.879291018867360, 0.898346467483363
0.879291018867360, 0.898346467483363, 0.917814873941725

0.824515749809237, 0.842384142828665, 0.860639768559136
0.842384142828665, 0.860639768559136, 0.879291018867360
0.860639768559136, 0.879291018867360, 0.898346467483363

0.842384142828665, 0.860639768559136, 0.879291018867360
0.860639768559136, 0.879291018867360, 0.898346467483363
0.879291018867360, 0.898346467483363, 0.917814873941725

0.860639768559136, 0.879291018867360, 0.898346467483363
0.879291018867360, 0.898346467483363, 0.917814873941725
0.898346467483363, 0.917814873941725, 0.937705187608216

0.773152695860799, 0.789907980689340, 0.807026375639837
0.789907980689340, 0.807026375639837, 0.824515749809237
0.807026375639837, 0.824515749809237, 0.842384142828665

0.789907980689340, 0.807026375639837, 0.824515749809237
0.807026375639837, 0.824515749809237, 0.842384142828665
0.824515749809237, 0.842384142828665, 0.860639768559136

0.807026375639837, 0.824515749809237, 0.842384142828665
0.824515749809237, 0.842384142828665, 0.860639768559136
0.842384142828665, 0.860639768559136, 0.879291018867360

0.789907980689340, 0.807026375639837, 0.824515749809237
0.807026375639837, 0.824515749809237, 0.842384142828665
0.824515749809237, 0.842384142828665, 0.860639768559136

0.807026375639837, 0.824515749809237, 0.842384142828665
0.824515749809237, 0.842384142828665, 0.860639768559136
0.842384142828665, 0.860639768559136, 0.879291018867360

0.824515749809237, 0.842384142828665, 0.860639768559136
0.842384142828665, 0.860639768559136, 0.879291018867360
0.860639768559136, 0.879291018867360, 0.898346467483363

0.807026375639837, 0.824515749809237, 0.842384142828665
0.824515749809237, 0.842384142828665, 0.860639768559136
0.842384142828665, 0.860639768559136, 0.879291018867360

0.824515749809237, 0.842384142828665, 0.860639768559136
0.842384142828665, 0.860639768559136, 0.879291018867360
0.860639768559136, 0.879291018867360, 0.898346467483363

0.842384142828665, 0.860639768559136, 0.879291018867360
0.860639768559136, 0.879291018867360, 0.898346467483363
0.879291018867360, 0.898346467483363, 0.917814873941725

0.789907980689340, 0.807026375639837, 0.824515749809237
0.807026375639837, 0.824515749809237, 0.842384142828665
0.824515749809237, 0.842384142828665, 0.860639768559136

0.807026375639837, 0.824515749809237, 0.842384142828665
0.824515749809237, 0.842384142828665, 0.860639768559136
0.842384142828665, 0.860639768559136, 0.879291018867360

0.824515749809237, 0.842384142828665, 0.860639768559136
0.842384142828665, 0.860639768559136, 0.879291018867360
0.860639768559136, 0.879291018867360, 0.898346467483363

0.807026375639837, 0.824515749809237, 0.842384142828665
0.824515749809237, 0.842384142828665, 0.860639768559136
0.842384142828665, 0.860639768559136, 0.879291018867360

0.824515749809237, 0.842384142828665, 0.860639768559136
0.842384142828665, 0.860639768559136, 0.879291018867360
0.860639768559136, 0.879291018867360, 0.898346467483363

0.842384142828665, 0.860639768559136, 0.879291018867360
0.860639768559136, 0.879291018867360, 0.898346467483363
0.879291018867360, 0.898346467483363, 0.917814873941725

0.824515749809237, 0.842384142828665, 0.860639768559136
0.842384142828665, 0.860639768559136, 0.879291018867360
0.860639768559136, 0.879291018867360, 0.898346467483363

0.842384142828665, 0.860639768559136, 0.879291018867360
0.860639768559136, 0.879291018867360, 0.898346467483363
0.879291018867360, 0.898346467483363, 0.917814873941725

0.860639768559136, 0.879291018867360, 0.898346467483363
0.879291018867360, 0.898346467483363, 0.917814873941725
0.898346467483363, 0.917814873941725, 0.937705187608216

0.807026375639837, 0.824515749809237, 0.842384142828665
0.824515749809237, 0.842384142828665, 0.860639768559136
0.842384142828665, 0.860639768559136, 0.879291018867360

0.824515749809237, 0.842384142828665, 0.860639768559136
0.842384142828665, 0.860639768559136, 0.879291018867360
0.860639768559136, 0.879291018867360, 0.898346467483363

0.842384142828665, 0.860639768559136, 0.879291018867360
0.860639768559136, 0.879291018867360, 0.898346467483363
0.879291018867360, 0.898346467483363, 0.917814873941725

0.824515749809237, 0.842384142828665, 0.860639768559136
0.842384142828665, 0.860639768559136, 0.879291018867360
0.860639768559136, 0.879291018867360, 0.898346467483363

0.842384142828665, 0.860639768559136, 0.879291018867360
0.860639768559136, 0.879291018867360, 0.898346467483363
0.879291018867360, 0.898346467483363, 0.917814873941725

0.860639768559136, 0.879291018867360, 0.898346467483363
0.879291018867360, 0.898346467483363, 0.917814873941725
0.898346467483363, 0.917814873941725, 0.937705187608216

0.842384142828665, 0.860639768559136, 0.879291018867360
0.860639768559136, 0.879291018867360, 0.898346467483363
0.879291018867360, 0.898346467483363, 0.917814873941725

0.860639768559136, 0.879291018867360, 0.898346467483363
0.879291018867360, 0.898346467483363, 0.917814873941725
0.898346467483363, 0.917814873941725, 0.937705187608216

0.879291018867360, 0.898346467483363, 0.917814873941725
0.898346467483363, 0.917814873941725, 0.937705187608216
0.917814873941725, 0.937705187608216, 0.958026551793699

0.789907980689340, 0.807026375639837, 0.824515749809237
0.807026375639837, 0.824515749809237, 0.842384142828665
0.824515749809237, 0.842384142828665, 0.860639768559136

0.807026375639837, 0.824515749809237, 0.842384142828665
0.824515749809237, 0.842384142828665, 0.860639768559136
0.842384142828665, 0.860639768559136, 0.879291018867360

0.824515749809237, 0.842384142828665, 0.860639768559136
0.842384142828665, 0.860639768559136, 0.879291018867360
0.860639768559136, 0.879291018867360, 0.898346467483363

0.807026375639837, 0.824515749809237, 0.842384142828665
0.824515749809237, 0.842384142828665, 0.860639768559136
0.842384142828665, 0.860639768559136, 0.879291018867360

0.824515749809237, 0.842384142828665, 0.860639768559136
0.842384142828665, 0.860639768559136, 0.879291018867360
0.860639768559136, 0.879291018867360, 0.898346467483363

0.842384142828665, 0.860639768559136, 0.879291018867360
0.860639768559136, 0.879291018867360, 0.898346467483363
0.879291018867360, 0.898346467483363, 0.917814873941725

0.824515749809237, 0.842384142828665, 0.860639768559136
0.842384142828665, 0.860639768559136, 0.879291018867360
0.860639768559136, 0.879291018867360, 0.898346467483363

0.842384142828665, 0.860639768559136, 0.879291018867360
0.860639768559136, 0.879291018867360, 0.898346467483363
0.879291018867360, 0.898346467483363, 0.917814873941725

0.860639768559136, 0.879291018867360, 0.898346467483363
0.879291018867360, 0.898346467483363, 0.917814873941725
0.898346467483363, 0.917814873941725, 0.937705187608216

0.807026375639837, 0.824515749809237, 0.842384142828665
0.824515749809237, 0.842384142828665, 0.860639768559136
0.842384142828665, 0.860639768559136, 0.879291018867360

0.824515749809237, 0.842384142828665, 0.860639768559136
0.842384142828665, 0.860639768559136, 0.879291018867360
0.860639768559136, 0.879291018867360, 0.898346467483363

0.842384142828665, 0.860639768559136, 0.879291018867360
0.860639768559136, 0.879291018867360, 0.898346467483363
0.879291018867360, 0.898346467483363, 0.917814873941725

0.824515749809237, 0.842384142828665, 0.860639768559136
0.842384142828665, 0.860639768559136, 0.879291018867360
0.860639768559136, 0.879291018867360, 0.898346467483363

0.842384142828665, 0.860639768559136, 0.879291018867360
0.860639768559136, 0.879291018867360, 0.898346467483363
0.879291018867360, 0.898346467483363, 0.917814873941725

0.860639768559136, 0.879291018867360, 0.898346467483363
0.879291018867360, 0.898346467483363, 0.917814873941725
0.898346467483363, 0.917814873941725, 0.937705187608216

0.842384142828665, 0.860639768559136, 0.879291018867360
0.860639768559136, 0.879291018867360, 0.898346467483363
0.879291018867360, 0.898346467483363, 0.917814873941725

0.860639768559136, 0.879291018867360, 0.898346467483363
0.879291018867360, 0.898346467483363, 0.917814873941725
0.898346467483363, 0.917814873941725, 0.937705187608216

0.879291018867360, 0.898346467483363, 0.917814873941725
0.898346467483363, 0.917814873941725, 0.937705187608216
0.917814873941725, 0.937705187608216, 0.958026551793699

0.824515749809237, 0.842384142828665, 0.860639768559136
0.842384142828665, 0.860639768559136, 0.879291018867360
0.860639768559136, 0.879291018867360, 0.898346467483363

0.842384142828665, 0.860639768559136, 0.879291018867360
0.860639768559136, 0.879291018867360, 0.898346467483363
0.879291018867360, 0.898346467483363, 0.917814873941725

0.860639768559136, 0.879291018867360, 0.898346467483363
0.879291018867360, 0.898346467483363, 0.917814873941725
0.898346467483363, 0.917814873941725, 0.937705187608216

0.842384142828665, 0.860639768559136, 0.879291018867360
0.860639768559136, 0.879291018867360, 0.898346467483363
0.879291018867360, 0.898346467483363, 0.917814873941725

0.860639768559136, 0.879291018867360, 0.898346467483363
0.879291018867360, 0.898346467483363, 0.917814873941725
0.898346467483363, 0.917814873941725, 0.937705187608216

0.879291018867360, 0.898346467483363, 0.917814873941725
0.898346467483363, 0.917814873941725, 0.937705187608216
0.917814873941725, 0.937705187608216, 0.958026551793699

0.860639768559136, 0.879291018867360, 0.898346467483363
0.879291018867360, 0.898346467483363, 0.917814873941725
0.898346467483363, 0.917814873941725, 0.937705187608216

0.879291018867360, 0.898346467483363, 0.917814873941725
0.898346467483363, 0.917814873941725, 0.937705187608216
0.917814873941725, 0.937705187608216, 0.958026551793699

0.898346467483363, 0.917814873941725, 0.937705187608216
0.917814873941725, 0.937705187608216, 0.958026551793699
0.937705187608216, 0.958026551793699, 0.978788307957190

0.773152695860799, 0.789907980689340, 0.807026375639837
0.789907980689340, 0.807026375639837, 0.824515749809237
0.807026375639837, 0.824515749809237, 0.842384142828665

0.789907980689340, 0.807026375639837, 0.824515749809237
0.807026375639837, 0.824515749809237, 0.842384142828665
0.824515749809237, 0.842384142828665, 0.860639768559136

0.807026375639837, 0.824515749809237, 0.842384142828665
0.824515749809237, 0.842384142828665, 0.860639768559136
0.842384142828665, 0.860639768559136, 0.879291018867360

0.789907980689340, 0.807026375639837, 0.824515749809237
0.807026375639837, 0.824515749809237, 0.842384142828665
0.824515749809237, 0.842384142828665, 0.860639768559136

0.807026375639837, 0.824515749809237, 0.842384142828665
0.824515749809237, 0.842384142828665, 0.860639768559136
0.842384142828665, 0.860639768559136, 0.879291018867360

0.824515749809237, 0.842384142828665, 0.860639768559136
0.842384142828665, 0.860639768559136, 0.879291018867360
0.860639768559136, 0.879291018867360, 0.898346467483363

0.807026375639837, 0.824515749809237, 0.842384142828665
0.824515749809237, 0.842384142828665, 0.860639768559136
0.842384142828665, 0.860639768559136, 0.879291018867360

0.824515749809237, 0.842384142828665, 0.860639768559136
0.842384142828665, 0.860639768559136, 0.879291018867360
0.860639768559136, 0.879291018867360, 0.898346467483363

0.842384142828665, 0.860639768559136, 0.879291018867360
0.860639768559136, 0.879291018867360, 0.898346467483363
0.879291018867360, 0.898346467483363, 0.917814873941725

0.789907980689340, 0.807026375639837, 0.824515749809237
0.807026375639837, 0.824515749809237, 0.842384142828665
0.824515749809237, 0.842384142828665, 0.860639768559136

0.807026375639837, 0.824515749809237, 0.842384142828665
0.824515749809237, 0.842384142828665, 0.860639768559136
0.842384142828665, 0.860639768559136, 0.879291018867360

0.824515749809237, 0.842384142828665, 0.860639768559136
0.842384142828665, 0.860639768559136, 0.879291018867360
0.860639768559136, 0.879291018867360, 0.898346467483363

0.807026375639837, 0.824515749809237, 0.842384142828665
0.824515749809237, 0.842384142828665, 0.860639768559136
0.842384142828665, 0.860639768559136, 0.879291018867360

0.824515749809237, 0.842384142828665, 0.860639768559136
0.842384142828665, 0.860639768559136, 0.879291018867360
0.860639768559136, 0.879291018867360, 0.898346467483363

0.842384142828665, 0.860639768559136, 0.879291018867360
0.860639768559136, 0.879291018867360, 0.898346467483363
0.879291018867360, 0.898346467483363, 0.917814873941725

0.824515749809237, 0.842384142828665, 0.860639768559136
0.842384142828665, 0.860639768559136, 0.879291018867360
0.860639768559136, 0.879291018867360, 0.898346467483363

0.842384142828665, 0.860639768559136, 0.879291018867360
0.860639768559136, 0.879291018867360, 0.898346467483363
0.879291018867360, 0.898346467483363, 0.917814873941725

0.860639768559136, 0.879291018867360, 0.898346467483363
0.879291018867360, 0.898346467483363, 0.917814873941725
0.898346467483363, 0.917814873941725, 0.937705187608216

0.807026375639837, 0.824515749809237, 0.842384142828665
0.824515749809237, 0.842384142828665, 0.860639768559136
0.842384142828665, 0.860639768559136, 0.879291018867360

0.824515749809237, 0.842384142828665, 0.860639768559136
0.842384142828665, 0.860639768559136, 0.879291018867360
0.860639768559136, 0.879291018867360, 0.898346467483363

0.842384142828665, 0.860639768559136, 0.879291018867360
0.860639768559136, 0.879291018867360, 0.898346467483363
0.879291018867360, 0.898346467483363, 0.917814873941725

0.824515749809237, 0.842384142828665, 0.860639768559136
0.842384142828665, 0.860639768559136, 0.879291018867360
0.860639768559136, 0.879291018867360, 0.898346467483363

0.842384142828665, 0.860639768559136, 0.879291018867360
0.860639768559136, 0.879291018867360, 0.898346467483363
0.879291018867360, 0.898346467483363, 0.917814873941725

0.860639768559136, 0.879291018867360, 0.898346467483363
0.879291018867360, 0.898346467483363, 0.917814873941725
0.898346467483363, 0.917814873941725, 0.937705187608216

0.842384142828665, 0.860639768559136, 0.879291018867360
0.860639768559136, 0.879291018867360, 0.898346467483363
0.879291018867360, 0.898346467483363, 0.917814873941725

0.860639768559136, 0.879291018867360, 0.898346467483363
0.879291018867360, 0.898346467483363, 0.917814873941725
0.898346467483363, 0.917814873941725, 0.937705187608216

0.879291018867360, 0.898346467483363, 0.917814873941725
0.898346467483363, 0.917814873941725, 0.937705187608216
0.917814873941725, 0.937705187608216, 0.958026551793699

0.789907980689340, 0.807026375639837, 0.824515749809237
0.807026375639837, 0.824515749809237, 0.842384142828665
0.824515749809237, 0.842384142828665, 0.860639768559136

0.807026375639837, 0.824515749809237, 0.842384142828665
0.824515749809237, 0.842384142828665, 0.860639768559136
0.842384142828665, 0.860639768559136, 0.879291018867360

0.824515749809237, 0.842384142828665, 0.860639768559136
0.842384142828665, 0.860639768559136, 0.879291018867360
0.860639768559136, 0.879291018867360, 0.898346467483363

0.807026375639837, 0.824515749809237, 0.842384142828665
0.824515749809237, 0.842384142828665, 0.860639768559136
0.842384142828665, 0.860639768559136, 0.879291018867360

0.824515749809237, 0.842384142828665, 0.860639768559136
0.842384142828665, 0.860639768559136, 0.879291018867360
0.860639768559136, 0.879291018867360, 0.898346467483363

0.842384142828665, 0.860639768559136, 0.879291018867360
0.860639768559136, 0.879291018867360, 0.898346467483363
0.879291018867360, 0.898346467483363, 0.917814873941725

0.824515749809237, 0.842384142828665, 0.860639768559136
0.842384142828665, 0.860639768559136, 0.879291018867360
0.860639768559136, 0.879291018867360, 0.898346467483363

0.842384142828665, 0.860639768559136, 0.879291018867360
0.860639768559136, 0.879291018867360, 0.898346467483363
0.879291018867360, 0.898346467483363, 0.917814873941725

0.860639768559136, 0.879291018867360, 0.898346467483363
0.879291018867360, 0.898346467483363, 0.917814873941725
0.898346467483363, 0.917814873941725, 0.937705187608216

0.807026375639837, 0.824515749809237, 0.842384142828665
0.824515749809237, 0.842384142828665, 0.860639768559136
0.842384142828665, 0.860639768559136, 0.879291018867360

0.824515749809237, 0.842384142828665, 0.860639768559136
0.842384142828665, 0.860639768559136, 0.879291018867360
0.860639768559136, 0.879291018867360, 0.898346467483363

0.842384142828665, 0.860639768559136, 0.879291018867360
0.860639768559136, 0.879291018867360, 0.898346467483363
0.879291018867360, 0.898346467483363, 0.917814873941725

0.824515749809237, 0.842384142828665, 0.860639768559136
0.842384142828665, 0.860639768559136, 0.879291018867360
0.860639768559136, 0.879291018867360, 0.898346467483363

0.842384142828665, 0.860639768559136, 0.879291018867360
0.860639768559136, 0.879291018867360, 0.898346467483363
0.879291018867360, 0.898346467483363, 0.917814873941725

0.860639768559136, 0.879291018867360, 0.898346467483363
0.879291018867360, 0.898346467483363, 0.917814873941725
0.898346467483363, 0.917814873941725, 0.937705187608216

0.842384142828665, 0.860639768559136, 0.879291018867360
0.860639768559136, 0.879291018867360, 0.898346467483363
0.879291018867360, 0.898346467483363, 0.917814873941725

0.860639768559136, 0.879291018867360, 0.898346467483363
0.879291018867360, 0.898346467483363, 0.917814873941725
0.898346467483363, 0.917814873941725, 0.937705187608216

0.879291018867360, 0.898346467483363, 0.917814873941725
0.898346467483363, 0.917814873941725, 0.937705187608216
0.917814873941725, 0.937705187608216, 0.958026551793699

0.824515749809237, 0.842384142828665, 0.860639768559136
0.842384142828665, 0.860639768559136, 0.879291018867360
0.860639768559136, 0.879291018867360, 0.898346467483363

0.842384142828665, 0.860639768559136, 0.879291018867360
0.860639768559136, 0.879291018867360, 0.898346467483363
0.879291018867360, 0.898346467483363, 0.917814873941725

0.860639768559136, 0.879291018867360, 0.898346467483363
0.879291018867360, 0.898346467483363, 0.917814873941725
0.898346467483363, 0.917814873941725, 0.937705187608216

0.842384142828665, 0.860639768559136, 0.879291018867360
0.860639768559136, 0.879291018867360, 0.898346467483363
0.879291018867360, 0.898346467483363, 0.917814873941725

0.860639768559136, 0.879291018867360, 0.898346467483363
0.879291018867360, 0.898346467483363, 0.917814873941725
0.898346467483363, 0.917814873941725, 0.937705187608216

0.879291018867360, 0.898346467483363, 0.917814873941725
0.898346467483363, 0.917814873941725, 0.937705187608216
0.917814873941725, 0.937705187608216, 0.958026551793699

0.860639768559136, 0.879291018867360, 0.898346467483363
0.879291018867360, 0.898346467483363, 0.917814873941725
0.898346467483363, 0.917814873941725, 0.937705187608216

0.879291018867360, 0.898346467483363, 0.917814873941725
0.898346467483363, 0.917814873941725, 0.937705187608216
0.917814873941725, 0.937705187608216, 0.958026551793699

0.898346467483363, 0.917814873941725, 0.937705187608216
0.917814873941725, 0.937705187608216, 0.958026551793699
0.937705187608216, 0.958026551793699, 0.978788307957190

0.807026375639837, 0.824515749809237, 0.842384142828665
0.824515749809237, 0.842384142828665, 0.860639768559136
0.842384142828665, 0.860639768559136, 0.879291018867360

0.824515749809237, 0.842384142828665, 0.860639768559136
0.842384142828665, 0.860639768559136, 0.879291018867360
0.860639768559136, 0.879291018867360, 0.898346467483363

0.842384142828665, 0.860639768559136, 0.879291018867360
0.860639768559136, 0.879291018867360, 0.898346467483363
0.879291018867360, 0.898346467483363, 0.917814873941725

0.824515749809237, 0.842384142828665, 0.860639768559136
0.842384142828665, 0.860639768559136, 0.879291018867360
0.860639768559136, 0.879291018867360, 0.898346467483363

0.842384142828665, 0.860639768559136, 0.879291018867360
0.860639768559136, 0.879291018867360, 0.898346467483363
0.879291018867360, 0.898346467483363, 0.917814873941725

0.860639768559136, 0.879291018867360, 0.898346467483363
0.879291018867360, 0.898346467483363, 0.917814873941725
0.898346467483363, 0.917814873941725, 0.937705187608216

0.842384142828665, 0.860639768559136, 0.879291018867360
0.860639768559136, 0.879291018867360, 0.898346467483363
0.879291018867360, 0.898346467483363, 0.917814873941725

0.860639768559136, 0.879291018867360, 0.898346467483363
0.879291018867360, 0.898346467483363, 0.917814873941725
0.898346467483363, 0.917814873941725, 0.937705187608216

0.879291018867360, 0.898346467483363, 0.917814873941725
0.898346467483363, 0.917814873941725, 0.937705187608216
0.917814873941725, 0.937705187608216, 0.958026551793699

0.824515749809237, 0.842384142828665, 0.860639768559136
0.842384142828665, 0.860639768559136, 0.879291018867360
0.860639768559136, 0.879291018867360, 0.898346467483363

0.842384142828665, 0.860639768559136, 0.879291018867360
0.860639768559136, 0.879291018867360, 0.898346467483363
0.879291018867360, 0.898346467483363, 0.917814873941725

0.860639768559136, 0.879291018867360, 0.898346467483363
0.879291018867360, 0.898346467483363, 0.917814873941725
0.898346467483363, 0.917814873941725, 0.937705187608216

0.842384142828665, 0.860639768559136, 0.879291018867360
0.860639768559136, 0.879291018867360, 0.898346467483363
0.879291018867360, 0.898346467483363, 0.917814873941725

0.860639768559136, 0.879291018867360, 0.898346467483363
0.879291018867360, 0.898346467483363, 0.917814873941725
0.898346467483363, 0.917814873941725, 0.937705187608216

0.879291018867360, 0.898346467483363, 0.917814873941725
0.898346467483363, 0.917814873941725, 0.937705187608216
0.917814873941725, 0.937705187608216, 0.958026551793699

0.860639768559136, 0.879291018867360, 0.898346467483363
0.879291018867360, 0.898346467483363, 0.917814873941725
0.898346467483363, 0.917814873941725, 0.937705187608216

0.879291018867360, 0.898346467483363, 0.917814873941725
0.898346467483363, 0.917814873941725, 0.937705187608216
0.917814873941725, 0.937705187608216, 0.958026551793699

0.898346467483363, 0.917814873941725, 0.937705187608216
0.917814873941725, 0.937705187608216, 0.958026551793699
0.937705187608216, 0.958026551793699, 0.978788307957190

0.842384142828665, 0.860639768559136, 0.879291018867360
0.860639768559136, 0.879291018867360, 0.898346467483363
0.879291018867360, 0.898346467483363, 0.917814873941725

0.860639768559136, 0.879291018867360, 0.898346467483363
0.879291018867360, 0.898346467483363, 0.917814873941725
0.898346467483363, 0.917814873941725, 0.937705187608216

0.879291018867360, 0.898346467483363, 0.917814873941725
0.898346467483363, 0.917814873941725, 0.937705187608216
0.917814873941725, 0.937705187608216, 0.958026551793699

0.860639768559136, 0.879291018867360, 0.898346467483363
0.879291018867360, 0.898346467483363, 0.917814873941725
0.898346467483363, 0.917814873941725, 0.937705187608216

0.879291018867360, 0.898346467483363, 0.917814873941725
0.898346467483363, 0.917814873941725, 0.937705187608216
0.917814873941725, 0.937705187608216, 0.958026551793699

0.898346467483363, 0.917814873941725, 0.937705187608216
0.917814873941725, 0.937705187608216, 0.958026551793699
0.937705187608216, 0.958026551793699, 0.978788307957190

0.879291018867360, 0.898346467483363, 0.917814873941725
0.898346467483363, 0.917814873941725, 0.937705187608216
0.917814873941725, 0.937705187608216, 0.958026551793699

0.898346467483363, 0.917814873941725, 0.937705187608216
0.917814873941725, 0.937705187608216, 0.958026551793699
0.937705187608216, 0.958026551793699, 0.978788307957190

0.917814873941725, 0.937705187608216, 0.958026551793699
0.937705187608216, 0.958026551793699, 0.978788307957190
0.958026551793699, 0.978788307957190, 1.00000000000000
 