Attribute names:	P0	P1	P2	P3	P4
Minor allele frequencies:	0.050	0.050	0.050	0.050	0.050
x: 1.29585690356655e-15
y: 29.8137315970407
Prevalence: 1.19055058838311e-11
Heritability: 0.0100000000000000

Table:

1.29585690356655E-15, 3.99301868146721E-14, 1.23039805912700E-12
3.99301868146721E-14, 1.23039805912700E-12, 3.79131555514593E-11
1.23039805912700E-12, 3.79131555514593E-11, 1.16824579915952E-9

3.99301868146721E-14, 1.23039805912700E-12, 3.79131555514593E-11
1.23039805912700E-12, 3.79131555514593E-11, 1.16824579915952E-9
3.79131555514593E-11, 1.16824579915952E-9, 3.59980124946719E-8

1.23039805912700E-12, 3.79131555514593E-11, 1.16824579915952E-9
3.79131555514593E-11, 1.16824579915952E-9, 3.59980124946719E-8
1.16824579915952E-9, 3.59980124946719E-8, 0.00000110923309503774

3.99301868146721E-14, 1.23039805912700E-12, 3.79131555514593E-11
1.23039805912700E-12, 3.79131555514593E-11, 1.16824579915952E-9
3.79131555514593E-11, 1.16824579915952E-9, 3.59980124946719E-8

1.23039805912700E-12, 3.79131555514593E-11, 1.16824579915952E-9
3.79131555514593E-11, 1.16824579915952E-9, 3.59980124946719E-8
1.16824579915952E-9, 3.59980124946719E-8, 0.00000110923309503774

3.79131555514593E-11, 1.16824579915952E-9, 3.59980124946719E-8
1.16824579915952E-9, 3.59980124946719E-8, 0.00000110923309503774
3.59980124946719E-8, 0.00000110923309503774, 0.0000341796108690477

1.23039805912700E-12, 3.79131555514593E-11, 1.16824579915952E-9
3.79131555514593E-11, 1.16824579915952E-9, 3.59980124946719E-8
1.16824579915952E-9, 3.59980124946719E-8, 0.00000110923309503774

3.79131555514593E-11, 1.16824579915952E-9, 3.59980124946719E-8
1.16824579915952E-9, 3.59980124946719E-8, 0.00000110923309503774
3.59980124946719E-8, 0.00000110923309503774, 0.0000341796108690477

1.16824579915952E-9, 3.59980124946719E-8, 0.00000110923309503774
3.59980124946719E-8, 0.00000110923309503774, 0.0000341796108690477
0.00000110923309503774, 0.0000341796108690477, 0.00105320135541013

3.99301868146721E-14, 1.23039805912700E-12, 3.79131555514593E-11
1.23039805912700E-12, 3.79131555514593E-11, 1.16824579915952E-9
3.79131555514593E-11, 1.16824579915952E-9, 3.59980124946719E-8

1.23039805912700E-12, 3.79131555514593E-11, 1.16824579915952E-9
3.79131555514593E-11, 1.16824579915952E-9, 3.59980124946719E-8
1.16824579915952E-9, 3.59980124946719E-8, 0.00000110923309503774

3.79131555514593E-11, 1.16824579915952E-9, 3.59980124946719E-8
1.16824579915952E-9, 3.59980124946719E-8, 0.00000110923309503774
3.59980124946719E-8, 0.00000110923309503774, 0.0000341796108690477

1.23039805912700E-12, 3.79131555514593E-11, 1.16824579915952E-9
3.79131555514593E-11, 1.16824579915952E-9, 3.59980124946719E-8
1.16824579915952E-9, 3.59980124946719E-8, 0.00000110923309503774

3.79131555514593E-11, 1.16824579915952E-9, 3.59980124946719E-8
1.16824579915952E-9, 3.59980124946719E-8, 0.00000110923309503774
3.59980124946719E-8, 0.00000110923309503774, 0.0000341796108690477

1.16824579915952E-9, 3.59980124946719E-8, 0.00000110923309503774
3.59980124946719E-8, 0.00000110923309503774, 0.0000341796108690477
0.00000110923309503774, 0.0000341796108690477, 0.00105320135541013

3.79131555514593E-11, 1.16824579915952E-9, 3.59980124946719E-8
1.16824579915952E-9, 3.59980124946719E-8, 0.00000110923309503774
3.59980124946719E-8, 0.00000110923309503774, 0.0000341796108690477

1.16824579915952E-9, 3.59980124946719E-8, 0.00000110923309503774
3.59980124946719E-8, 0.00000110923309503774, 0.0000341796108690477
0.00000110923309503774, 0.0000341796108690477, 0.00105320135541013

3.59980124946719E-8, 0.00000110923309503774, 0.0000341796108690477
0.00000110923309503774, 0.0000341796108690477, 0.00105320135541013
0.0000341796108690477, 0.00105320135541013, 0.0324530638832473

1.23039805912700E-12, 3.79131555514593E-11, 1.16824579915952E-9
3.79131555514593E-11, 1.16824579915952E-9, 3.59980124946719E-8
1.16824579915952E-9, 3.59980124946719E-8, 0.00000110923309503774

3.79131555514593E-11, 1.16824579915952E-9, 3.59980124946719E-8
1.16824579915952E-9, 3.59980124946719E-8, 0.00000110923309503774
3.59980124946719E-8, 0.00000110923309503774, 0.0000341796108690477

1.16824579915952E-9, 3.59980124946719E-8, 0.00000110923309503774
3.59980124946719E-8, 0.00000110923309503774, 0.0000341796108690477
0.00000110923309503774, 0.0000341796108690477, 0.00105320135541013

3.79131555514593E-11, 1.16824579915952E-9, 3.59980124946719E-8
1.16824579915952E-9, 3.59980124946719E-8, 0.00000110923309503774
3.59980124946719E-8, 0.00000110923309503774, 0.0000341796108690477

1.16824579915952E-9, 3.59980124946719E-8, 0.00000110923309503774
3.59980124946719E-8, 0.00000110923309503774, 0.0000341796108690477
0.00000110923309503774, 0.0000341796108690477, 0.00105320135541013

3.59980124946719E-8, 0.00000110923309503774, 0.0000341796108690477
0.00000110923309503774, 0.0000341796108690477, 0.00105320135541013
0.0000341796108690477, 0.00105320135541013, 0.0324530638832473

1.16824579915952E-9, 3.59980124946719E-8, 0.00000110923309503774
3.59980124946719E-8, 0.00000110923309503774, 0.0000341796108690477
0.00000110923309503774, 0.0000341796108690477, 0.00105320135541013

3.59980124946719E-8, 0.00000110923309503774, 0.0000341796108690477
0.00000110923309503774, 0.0000341796108690477, 0.00105320135541013
0.0000341796108690477, 0.00105320135541013, 0.0324530638832473

0.00000110923309503774, 0.0000341796108690477, 0.00105320135541013
0.0000341796108690477, 0.00105320135541013, 0.0324530638832473
0.00105320135541013, 0.0324530638832473, 1.00000000000000
 