Attribute names:	P0	P1	P2	P3	P4	P5	P6
Minor allele frequencies:	0.500	0.500	0.500	0.500	0.500	0.500	0.500
x: 1.30907559306737e-16
y: 12.6302091383887
Prevalence: 0.000164456963783928
Heritability: 0.400000000000000

Table:

1.30907559306737E-16, 1.78429741114685E-15, 2.43203468790169E-14
1.78429741114685E-15, 2.43203468790169E-14, 3.31491414279159E-13
2.43203468790169E-14, 3.31491414279159E-13, 4.51829730420517E-12

1.78429741114685E-15, 2.43203468790169E-14, 3.31491414279159E-13
2.43203468790169E-14, 3.31491414279159E-13, 4.51829730420517E-12
3.31491414279159E-13, 4.51829730420517E-12, 6.15853372057341E-11

2.43203468790169E-14, 3.31491414279159E-13, 4.51829730420517E-12
3.31491414279159E-13, 4.51829730420517E-12, 6.15853372057341E-11
4.51829730420517E-12, 6.15853372057341E-11, 8.39421025972344E-10

1.78429741114685E-15, 2.43203468790169E-14, 3.31491414279159E-13
2.43203468790169E-14, 3.31491414279159E-13, 4.51829730420517E-12
3.31491414279159E-13, 4.51829730420517E-12, 6.15853372057341E-11

2.43203468790169E-14, 3.31491414279159E-13, 4.51829730420517E-12
3.31491414279159E-13, 4.51829730420517E-12, 6.15853372057341E-11
4.51829730420517E-12, 6.15853372057341E-11, 8.39421025972344E-10

3.31491414279159E-13, 4.51829730420517E-12, 6.15853372057341E-11
4.51829730420517E-12, 6.15853372057341E-11, 8.39421025972344E-10
6.15853372057341E-11, 8.39421025972344E-10, 1.14414841391638E-8

2.43203468790169E-14, 3.31491414279159E-13, 4.51829730420517E-12
3.31491414279159E-13, 4.51829730420517E-12, 6.15853372057341E-11
4.51829730420517E-12, 6.15853372057341E-11, 8.39421025972344E-10

3.31491414279159E-13, 4.51829730420517E-12, 6.15853372057341E-11
4.51829730420517E-12, 6.15853372057341E-11, 8.39421025972344E-10
6.15853372057341E-11, 8.39421025972344E-10, 1.14414841391638E-8

4.51829730420517E-12, 6.15853372057341E-11, 8.39421025972344E-10
6.15853372057341E-11, 8.39421025972344E-10, 1.14414841391638E-8
8.39421025972344E-10, 1.14414841391638E-8, 1.55949821670360E-7

1.78429741114685E-15, 2.43203468790169E-14, 3.31491414279159E-13
2.43203468790169E-14, 3.31491414279159E-13, 4.51829730420517E-12
3.31491414279159E-13, 4.51829730420517E-12, 6.15853372057341E-11

2.43203468790169E-14, 3.31491414279159E-13, 4.51829730420517E-12
3.31491414279159E-13, 4.51829730420517E-12, 6.15853372057341E-11
4.51829730420517E-12, 6.15853372057341E-11, 8.39421025972344E-10

3.31491414279159E-13, 4.51829730420517E-12, 6.15853372057341E-11
4.51829730420517E-12, 6.15853372057341E-11, 8.39421025972344E-10
6.15853372057341E-11, 8.39421025972344E-10, 1.14414841391638E-8

2.43203468790169E-14, 3.31491414279159E-13, 4.51829730420517E-12
3.31491414279159E-13, 4.51829730420517E-12, 6.15853372057341E-11
4.51829730420517E-12, 6.15853372057341E-11, 8.39421025972344E-10

3.31491414279159E-13, 4.51829730420517E-12, 6.15853372057341E-11
4.51829730420517E-12, 6.15853372057341E-11, 8.39421025972344E-10
6.15853372057341E-11, 8.39421025972344E-10, 1.14414841391638E-8

4.51829730420517E-12, 6.15853372057341E-11, 8.39421025972344E-10
6.15853372057341E-11, 8.39421025972344E-10, 1.14414841391638E-8
8.39421025972344E-10, 1.14414841391638E-8, 1.55949821670360E-7

3.31491414279159E-13, 4.51829730420517E-12, 6.15853372057341E-11
4.51829730420517E-12, 6.15853372057341E-11, 8.39421025972344E-10
6.15853372057341E-11, 8.39421025972344E-10, 1.14414841391638E-8

4.51829730420517E-12, 6.15853372057341E-11, 8.39421025972344E-10
6.15853372057341E-11, 8.39421025972344E-10, 1.14414841391638E-8
8.39421025972344E-10, 1.14414841391638E-8, 1.55949821670360E-7

6.15853372057341E-11, 8.39421025972344E-10, 1.14414841391638E-8
8.39421025972344E-10, 1.14414841391638E-8, 1.55949821670360E-7
1.14414841391638E-8, 1.55949821670360E-7, 0.00000212562868446142

2.43203468790169E-14, 3.31491414279159E-13, 4.51829730420517E-12
3.31491414279159E-13, 4.51829730420517E-12, 6.15853372057341E-11
4.51829730420517E-12, 6.15853372057341E-11, 8.39421025972344E-10

3.31491414279159E-13, 4.51829730420517E-12, 6.15853372057341E-11
4.51829730420517E-12, 6.15853372057341E-11, 8.39421025972344E-10
6.15853372057341E-11, 8.39421025972344E-10, 1.14414841391638E-8

4.51829730420517E-12, 6.15853372057341E-11, 8.39421025972344E-10
6.15853372057341E-11, 8.39421025972344E-10, 1.14414841391638E-8
8.39421025972344E-10, 1.14414841391638E-8, 1.55949821670360E-7

3.31491414279159E-13, 4.51829730420517E-12, 6.15853372057341E-11
4.51829730420517E-12, 6.15853372057341E-11, 8.39421025972344E-10
6.15853372057341E-11, 8.39421025972344E-10, 1.14414841391638E-8

4.51829730420517E-12, 6.15853372057341E-11, 8.39421025972344E-10
6.15853372057341E-11, 8.39421025972344E-10, 1.14414841391638E-8
8.39421025972344E-10, 1.14414841391638E-8, 1.55949821670360E-7

6.15853372057341E-11, 8.39421025972344E-10, 1.14414841391638E-8
8.39421025972344E-10, 1.14414841391638E-8, 1.55949821670360E-7
1.14414841391638E-8, 1.55949821670360E-7, 0.00000212562868446142

4.51829730420517E-12, 6.15853372057341E-11, 8.39421025972344E-10
6.15853372057341E-11, 8.39421025972344E-10, 1.14414841391638E-8
8.39421025972344E-10, 1.14414841391638E-8, 1.55949821670360E-7

6.15853372057341E-11, 8.39421025972344E-10, 1.14414841391638E-8
8.39421025972344E-10, 1.14414841391638E-8, 1.55949821670360E-7
1.14414841391638E-8, 1.55949821670360E-7, 0.00000212562868446142

8.39421025972344E-10, 1.14414841391638E-8, 1.55949821670360E-7
1.14414841391638E-8, 1.55949821670360E-7, 0.00000212562868446142
1.55949821670360E-7, 0.00000212562868446142, 0.0000289727635197670

1.78429741114685E-15, 2.43203468790169E-14, 3.31491414279159E-13
2.43203468790169E-14, 3.31491414279159E-13, 4.51829730420517E-12
3.31491414279159E-13, 4.51829730420517E-12, 6.15853372057341E-11

2.43203468790169E-14, 3.31491414279159E-13, 4.51829730420517E-12
3.31491414279159E-13, 4.51829730420517E-12, 6.15853372057341E-11
4.51829730420517E-12, 6.15853372057341E-11, 8.39421025972344E-10

3.31491414279159E-13, 4.51829730420517E-12, 6.15853372057341E-11
4.51829730420517E-12, 6.15853372057341E-11, 8.39421025972344E-10
6.15853372057341E-11, 8.39421025972344E-10, 1.14414841391638E-8

2.43203468790169E-14, 3.31491414279159E-13, 4.51829730420517E-12
3.31491414279159E-13, 4.51829730420517E-12, 6.15853372057341E-11
4.51829730420517E-12, 6.15853372057341E-11, 8.39421025972344E-10

3.31491414279159E-13, 4.51829730420517E-12, 6.15853372057341E-11
4.51829730420517E-12, 6.15853372057341E-11, 8.39421025972344E-10
6.15853372057341E-11, 8.39421025972344E-10, 1.14414841391638E-8

4.51829730420517E-12, 6.15853372057341E-11, 8.39421025972344E-10
6.15853372057341E-11, 8.39421025972344E-10, 1.14414841391638E-8
8.39421025972344E-10, 1.14414841391638E-8, 1.55949821670360E-7

3.31491414279159E-13, 4.51829730420517E-12, 6.15853372057341E-11
4.51829730420517E-12, 6.15853372057341E-11, 8.39421025972344E-10
6.15853372057341E-11, 8.39421025972344E-10, 1.14414841391638E-8

4.51829730420517E-12, 6.15853372057341E-11, 8.39421025972344E-10
6.15853372057341E-11, 8.39421025972344E-10, 1.14414841391638E-8
8.39421025972344E-10, 1.14414841391638E-8, 1.55949821670360E-7

6.15853372057341E-11, 8.39421025972344E-10, 1.14414841391638E-8
8.39421025972344E-10, 1.14414841391638E-8, 1.55949821670360E-7
1.14414841391638E-8, 1.55949821670360E-7, 0.00000212562868446142

2.43203468790169E-14, 3.31491414279159E-13, 4.51829730420517E-12
3.31491414279159E-13, 4.51829730420517E-12, 6.15853372057341E-11
4.51829730420517E-12, 6.15853372057341E-11, 8.39421025972344E-10

3.31491414279159E-13, 4.51829730420517E-12, 6.15853372057341E-11
4.51829730420517E-12, 6.15853372057341E-11, 8.39421025972344E-10
6.15853372057341E-11, 8.39421025972344E-10, 1.14414841391638E-8

4.51829730420517E-12, 6.15853372057341E-11, 8.39421025972344E-10
6.15853372057341E-11, 8.39421025972344E-10, 1.14414841391638E-8
8.39421025972344E-10, 1.14414841391638E-8, 1.55949821670360E-7

3.31491414279159E-13, 4.51829730420517E-12, 6.15853372057341E-11
4.51829730420517E-12, 6.15853372057341E-11, 8.39421025972344E-10
6.15853372057341E-11, 8.39421025972344E-10, 1.14414841391638E-8

4.51829730420517E-12, 6.15853372057341E-11, 8.39421025972344E-10
6.15853372057341E-11, 8.39421025972344E-10, 1.14414841391638E-8
8.39421025972344E-10, 1.14414841391638E-8, 1.55949821670360E-7

6.15853372057341E-11, 8.39421025972344E-10, 1.14414841391638E-8
8.39421025972344E-10, 1.14414841391638E-8, 1.55949821670360E-7
1.14414841391638E-8, 1.55949821670360E-7, 0.00000212562868446142

4.51829730420517E-12, 6.15853372057341E-11, 8.39421025972344E-10
6.15853372057341E-11, 8.39421025972344E-10, 1.14414841391638E-8
8.39421025972344E-10, 1.14414841391638E-8, 1.55949821670360E-7

6.15853372057341E-11, 8.39421025972344E-10, 1.14414841391638E-8
8.39421025972344E-10, 1.14414841391638E-8, 1.55949821670360E-7
1.14414841391638E-8, 1.55949821670360E-7, 0.00000212562868446142

8.39421025972344E-10, 1.14414841391638E-8, 1.55949821670360E-7
1.14414841391638E-8, 1.55949821670360E-7, 0.00000212562868446142
1.55949821670360E-7, 0.00000212562868446142, 0.0000289727635197670

3.31491414279159E-13, 4.51829730420517E-12, 6.15853372057341E-11
4.51829730420517E-12, 6.15853372057341E-11, 8.39421025972344E-10
6.15853372057341E-11, 8.39421025972344E-10, 1.14414841391638E-8

4.51829730420517E-12, 6.15853372057341E-11, 8.39421025972344E-10
6.15853372057341E-11, 8.39421025972344E-10, 1.14414841391638E-8
8.39421025972344E-10, 1.14414841391638E-8, 1.55949821670360E-7

6.15853372057341E-11, 8.39421025972344E-10, 1.14414841391638E-8
8.39421025972344E-10, 1.14414841391638E-8, 1.55949821670360E-7
1.14414841391638E-8, 1.55949821670360E-7, 0.00000212562868446142

4.51829730420517E-12, 6.15853372057341E-11, 8.39421025972344E-10
6.15853372057341E-11, 8.39421025972344E-10, 1.14414841391638E-8
8.39421025972344E-10, 1.14414841391638E-8, 1.55949821670360E-7

6.15853372057341E-11, 8.39421025972344E-10, 1.14414841391638E-8
8.39421025972344E-10, 1.14414841391638E-8, 1.55949821670360E-7
1.14414841391638E-8, 1.55949821670360E-7, 0.00000212562868446142

8.39421025972344E-10, 1.14414841391638E-8, 1.55949821670360E-7
1.14414841391638E-8, 1.55949821670360E-7, 0.00000212562868446142
1.55949821670360E-7, 0.00000212562868446142, 0.0000289727635197670

6.15853372057341E-11, 8.39421025972344E-10, 1.14414841391638E-8
8.39421025972344E-10, 1.14414841391638E-8, 1.55949821670360E-7
1.14414841391638E-8, 1.55949821670360E-7, 0.00000212562868446142

8.39421025972344E-10, 1.14414841391638E-8, 1.55949821670360E-7
1.14414841391638E-8, 1.55949821670360E-7, 0.00000212562868446142
1.55949821670360E-7, 0.00000212562868446142, 0.0000289727635197670

1.14414841391638E-8, 1.55949821670360E-7, 0.00000212562868446142
1.55949821670360E-7, 0.00000212562868446142, 0.0000289727635197670
0.00000212562868446142, 0.0000289727635197670, 0.000394904826091502

2.43203468790169E-14, 3.31491414279159E-13, 4.51829730420517E-12
3.31491414279159E-13, 4.51829730420517E-12, 6.15853372057341E-11
4.51829730420517E-12, 6.15853372057341E-11, 8.39421025972344E-10

3.31491414279159E-13, 4.51829730420517E-12, 6.15853372057341E-11
4.51829730420517E-12, 6.15853372057341E-11, 8.39421025972344E-10
6.15853372057341E-11, 8.39421025972344E-10, 1.14414841391638E-8

4.51829730420517E-12, 6.15853372057341E-11, 8.39421025972344E-10
6.15853372057341E-11, 8.39421025972344E-10, 1.14414841391638E-8
8.39421025972344E-10, 1.14414841391638E-8, 1.55949821670360E-7

3.31491414279159E-13, 4.51829730420517E-12, 6.15853372057341E-11
4.51829730420517E-12, 6.15853372057341E-11, 8.39421025972344E-10
6.15853372057341E-11, 8.39421025972344E-10, 1.14414841391638E-8

4.51829730420517E-12, 6.15853372057341E-11, 8.39421025972344E-10
6.15853372057341E-11, 8.39421025972344E-10, 1.14414841391638E-8
8.39421025972344E-10, 1.14414841391638E-8, 1.55949821670360E-7

6.15853372057341E-11, 8.39421025972344E-10, 1.14414841391638E-8
8.39421025972344E-10, 1.14414841391638E-8, 1.55949821670360E-7
1.14414841391638E-8, 1.55949821670360E-7, 0.00000212562868446142

4.51829730420517E-12, 6.15853372057341E-11, 8.39421025972344E-10
6.15853372057341E-11, 8.39421025972344E-10, 1.14414841391638E-8
8.39421025972344E-10, 1.14414841391638E-8, 1.55949821670360E-7

6.15853372057341E-11, 8.39421025972344E-10, 1.14414841391638E-8
8.39421025972344E-10, 1.14414841391638E-8, 1.55949821670360E-7
1.14414841391638E-8, 1.55949821670360E-7, 0.00000212562868446142

8.39421025972344E-10, 1.14414841391638E-8, 1.55949821670360E-7
1.14414841391638E-8, 1.55949821670360E-7, 0.00000212562868446142
1.55949821670360E-7, 0.00000212562868446142, 0.0000289727635197670

3.31491414279159E-13, 4.51829730420517E-12, 6.15853372057341E-11
4.51829730420517E-12, 6.15853372057341E-11, 8.39421025972344E-10
6.15853372057341E-11, 8.39421025972344E-10, 1.14414841391638E-8

4.51829730420517E-12, 6.15853372057341E-11, 8.39421025972344E-10
6.15853372057341E-11, 8.39421025972344E-10, 1.14414841391638E-8
8.39421025972344E-10, 1.14414841391638E-8, 1.55949821670360E-7

6.15853372057341E-11, 8.39421025972344E-10, 1.14414841391638E-8
8.39421025972344E-10, 1.14414841391638E-8, 1.55949821670360E-7
1.14414841391638E-8, 1.55949821670360E-7, 0.00000212562868446142

4.51829730420517E-12, 6.15853372057341E-11, 8.39421025972344E-10
6.15853372057341E-11, 8.39421025972344E-10, 1.14414841391638E-8
8.39421025972344E-10, 1.14414841391638E-8, 1.55949821670360E-7

6.15853372057341E-11, 8.39421025972344E-10, 1.14414841391638E-8
8.39421025972344E-10, 1.14414841391638E-8, 1.55949821670360E-7
1.14414841391638E-8, 1.55949821670360E-7, 0.00000212562868446142

8.39421025972344E-10, 1.14414841391638E-8, 1.55949821670360E-7
1.14414841391638E-8, 1.55949821670360E-7, 0.00000212562868446142
1.55949821670360E-7, 0.00000212562868446142, 0.0000289727635197670

6.15853372057341E-11, 8.39421025972344E-10, 1.14414841391638E-8
8.39421025972344E-10, 1.14414841391638E-8, 1.55949821670360E-7
1.14414841391638E-8, 1.55949821670360E-7, 0.00000212562868446142

8.39421025972344E-10, 1.14414841391638E-8, 1.55949821670360E-7
1.14414841391638E-8, 1.55949821670360E-7, 0.00000212562868446142
1.55949821670360E-7, 0.00000212562868446142, 0.0000289727635197670

1.14414841391638E-8, 1.55949821670360E-7, 0.00000212562868446142
1.55949821670360E-7, 0.00000212562868446142, 0.0000289727635197670
0.00000212562868446142, 0.0000289727635197670, 0.000394904826091502

4.51829730420517E-12, 6.15853372057341E-11, 8.39421025972344E-10
6.15853372057341E-11, 8.39421025972344E-10, 1.14414841391638E-8
8.39421025972344E-10, 1.14414841391638E-8, 1.55949821670360E-7

6.15853372057341E-11, 8.39421025972344E-10, 1.14414841391638E-8
8.39421025972344E-10, 1.14414841391638E-8, 1.55949821670360E-7
1.14414841391638E-8, 1.55949821670360E-7, 0.00000212562868446142

8.39421025972344E-10, 1.14414841391638E-8, 1.55949821670360E-7
1.14414841391638E-8, 1.55949821670360E-7, 0.00000212562868446142
1.55949821670360E-7, 0.00000212562868446142, 0.0000289727635197670

6.15853372057341E-11, 8.39421025972344E-10, 1.14414841391638E-8
8.39421025972344E-10, 1.14414841391638E-8, 1.55949821670360E-7
1.14414841391638E-8, 1.55949821670360E-7, 0.00000212562868446142

8.39421025972344E-10, 1.14414841391638E-8, 1.55949821670360E-7
1.14414841391638E-8, 1.55949821670360E-7, 0.00000212562868446142
1.55949821670360E-7, 0.00000212562868446142, 0.0000289727635197670

1.14414841391638E-8, 1.55949821670360E-7, 0.00000212562868446142
1.55949821670360E-7, 0.00000212562868446142, 0.0000289727635197670
0.00000212562868446142, 0.0000289727635197670, 0.000394904826091502

8.39421025972344E-10, 1.14414841391638E-8, 1.55949821670360E-7
1.14414841391638E-8, 1.55949821670360E-7, 0.00000212562868446142
1.55949821670360E-7, 0.00000212562868446142, 0.0000289727635197670

1.14414841391638E-8, 1.55949821670360E-7, 0.00000212562868446142
1.55949821670360E-7, 0.00000212562868446142, 0.0000289727635197670
0.00000212562868446142, 0.0000289727635197670, 0.000394904826091502

1.55949821670360E-7, 0.00000212562868446142, 0.0000289727635197670
0.00000212562868446142, 0.0000289727635197670, 0.000394904826091502
0.0000289727635197670, 0.000394904826091502, 0.00538263536938617

1.78429741114685E-15, 2.43203468790169E-14, 3.31491414279159E-13
2.43203468790169E-14, 3.31491414279159E-13, 4.51829730420517E-12
3.31491414279159E-13, 4.51829730420517E-12, 6.15853372057341E-11

2.43203468790169E-14, 3.31491414279159E-13, 4.51829730420517E-12
3.31491414279159E-13, 4.51829730420517E-12, 6.15853372057341E-11
4.51829730420517E-12, 6.15853372057341E-11, 8.39421025972344E-10

3.31491414279159E-13, 4.51829730420517E-12, 6.15853372057341E-11
4.51829730420517E-12, 6.15853372057341E-11, 8.39421025972344E-10
6.15853372057341E-11, 8.39421025972344E-10, 1.14414841391638E-8

2.43203468790169E-14, 3.31491414279159E-13, 4.51829730420517E-12
3.31491414279159E-13, 4.51829730420517E-12, 6.15853372057341E-11
4.51829730420517E-12, 6.15853372057341E-11, 8.39421025972344E-10

3.31491414279159E-13, 4.51829730420517E-12, 6.15853372057341E-11
4.51829730420517E-12, 6.15853372057341E-11, 8.39421025972344E-10
6.15853372057341E-11, 8.39421025972344E-10, 1.14414841391638E-8

4.51829730420517E-12, 6.15853372057341E-11, 8.39421025972344E-10
6.15853372057341E-11, 8.39421025972344E-10, 1.14414841391638E-8
8.39421025972344E-10, 1.14414841391638E-8, 1.55949821670360E-7

3.31491414279159E-13, 4.51829730420517E-12, 6.15853372057341E-11
4.51829730420517E-12, 6.15853372057341E-11, 8.39421025972344E-10
6.15853372057341E-11, 8.39421025972344E-10, 1.14414841391638E-8

4.51829730420517E-12, 6.15853372057341E-11, 8.39421025972344E-10
6.15853372057341E-11, 8.39421025972344E-10, 1.14414841391638E-8
8.39421025972344E-10, 1.14414841391638E-8, 1.55949821670360E-7

6.15853372057341E-11, 8.39421025972344E-10, 1.14414841391638E-8
8.39421025972344E-10, 1.14414841391638E-8, 1.55949821670360E-7
1.14414841391638E-8, 1.55949821670360E-7, 0.00000212562868446142

2.43203468790169E-14, 3.31491414279159E-13, 4.51829730420517E-12
3.31491414279159E-13, 4.51829730420517E-12, 6.15853372057341E-11
4.51829730420517E-12, 6.15853372057341E-11, 8.39421025972344E-10

3.31491414279159E-13, 4.51829730420517E-12, 6.15853372057341E-11
4.51829730420517E-12, 6.15853372057341E-11, 8.39421025972344E-10
6.15853372057341E-11, 8.39421025972344E-10, 1.14414841391638E-8

4.51829730420517E-12, 6.15853372057341E-11, 8.39421025972344E-10
6.15853372057341E-11, 8.39421025972344E-10, 1.14414841391638E-8
8.39421025972344E-10, 1.14414841391638E-8, 1.55949821670360E-7

3.31491414279159E-13, 4.51829730420517E-12, 6.15853372057341E-11
4.51829730420517E-12, 6.15853372057341E-11, 8.39421025972344E-10
6.15853372057341E-11, 8.39421025972344E-10, 1.14414841391638E-8

4.51829730420517E-12, 6.15853372057341E-11, 8.39421025972344E-10
6.15853372057341E-11, 8.39421025972344E-10, 1.14414841391638E-8
8.39421025972344E-10, 1.14414841391638E-8, 1.55949821670360E-7

6.15853372057341E-11, 8.39421025972344E-10, 1.14414841391638E-8
8.39421025972344E-10, 1.14414841391638E-8, 1.55949821670360E-7
1.14414841391638E-8, 1.55949821670360E-7, 0.00000212562868446142

4.51829730420517E-12, 6.15853372057341E-11, 8.39421025972344E-10
6.15853372057341E-11, 8.39421025972344E-10, 1.14414841391638E-8
8.39421025972344E-10, 1.14414841391638E-8, 1.55949821670360E-7

6.15853372057341E-11, 8.39421025972344E-10, 1.14414841391638E-8
8.39421025972344E-10, 1.14414841391638E-8, 1.55949821670360E-7
1.14414841391638E-8, 1.55949821670360E-7, 0.00000212562868446142

8.39421025972344E-10, 1.14414841391638E-8, 1.55949821670360E-7
1.14414841391638E-8, 1.55949821670360E-7, 0.00000212562868446142
1.55949821670360E-7, 0.00000212562868446142, 0.0000289727635197670

3.31491414279159E-13, 4.51829730420517E-12, 6.15853372057341E-11
4.51829730420517E-12, 6.15853372057341E-11, 8.39421025972344E-10
6.15853372057341E-11, 8.39421025972344E-10, 1.14414841391638E-8

4.51829730420517E-12, 6.15853372057341E-11, 8.39421025972344E-10
6.15853372057341E-11, 8.39421025972344E-10, 1.14414841391638E-8
8.39421025972344E-10, 1.14414841391638E-8, 1.55949821670360E-7

6.15853372057341E-11, 8.39421025972344E-10, 1.14414841391638E-8
8.39421025972344E-10, 1.14414841391638E-8, 1.55949821670360E-7
1.14414841391638E-8, 1.55949821670360E-7, 0.00000212562868446142

4.51829730420517E-12, 6.15853372057341E-11, 8.39421025972344E-10
6.15853372057341E-11, 8.39421025972344E-10, 1.14414841391638E-8
8.39421025972344E-10, 1.14414841391638E-8, 1.55949821670360E-7

6.15853372057341E-11, 8.39421025972344E-10, 1.14414841391638E-8
8.39421025972344E-10, 1.14414841391638E-8, 1.55949821670360E-7
1.14414841391638E-8, 1.55949821670360E-7, 0.00000212562868446142

8.39421025972344E-10, 1.14414841391638E-8, 1.55949821670360E-7
1.14414841391638E-8, 1.55949821670360E-7, 0.00000212562868446142
1.55949821670360E-7, 0.00000212562868446142, 0.0000289727635197670

6.15853372057341E-11, 8.39421025972344E-10, 1.14414841391638E-8
8.39421025972344E-10, 1.14414841391638E-8, 1.55949821670360E-7
1.14414841391638E-8, 1.55949821670360E-7, 0.00000212562868446142

8.39421025972344E-10, 1.14414841391638E-8, 1.55949821670360E-7
1.14414841391638E-8, 1.55949821670360E-7, 0.00000212562868446142
1.55949821670360E-7, 0.00000212562868446142, 0.0000289727635197670

1.14414841391638E-8, 1.55949821670360E-7, 0.00000212562868446142
1.55949821670360E-7, 0.00000212562868446142, 0.0000289727635197670
0.00000212562868446142, 0.0000289727635197670, 0.000394904826091502

2.43203468790169E-14, 3.31491414279159E-13, 4.51829730420517E-12
3.31491414279159E-13, 4.51829730420517E-12, 6.15853372057341E-11
4.51829730420517E-12, 6.15853372057341E-11, 8.39421025972344E-10

3.31491414279159E-13, 4.51829730420517E-12, 6.15853372057341E-11
4.51829730420517E-12, 6.15853372057341E-11, 8.39421025972344E-10
6.15853372057341E-11, 8.39421025972344E-10, 1.14414841391638E-8

4.51829730420517E-12, 6.15853372057341E-11, 8.39421025972344E-10
6.15853372057341E-11, 8.39421025972344E-10, 1.14414841391638E-8
8.39421025972344E-10, 1.14414841391638E-8, 1.55949821670360E-7

3.31491414279159E-13, 4.51829730420517E-12, 6.15853372057341E-11
4.51829730420517E-12, 6.15853372057341E-11, 8.39421025972344E-10
6.15853372057341E-11, 8.39421025972344E-10, 1.14414841391638E-8

4.51829730420517E-12, 6.15853372057341E-11, 8.39421025972344E-10
6.15853372057341E-11, 8.39421025972344E-10, 1.14414841391638E-8
8.39421025972344E-10, 1.14414841391638E-8, 1.55949821670360E-7

6.15853372057341E-11, 8.39421025972344E-10, 1.14414841391638E-8
8.39421025972344E-10, 1.14414841391638E-8, 1.55949821670360E-7
1.14414841391638E-8, 1.55949821670360E-7, 0.00000212562868446142

4.51829730420517E-12, 6.15853372057341E-11, 8.39421025972344E-10
6.15853372057341E-11, 8.39421025972344E-10, 1.14414841391638E-8
8.39421025972344E-10, 1.14414841391638E-8, 1.55949821670360E-7

6.15853372057341E-11, 8.39421025972344E-10, 1.14414841391638E-8
8.39421025972344E-10, 1.14414841391638E-8, 1.55949821670360E-7
1.14414841391638E-8, 1.55949821670360E-7, 0.00000212562868446142

8.39421025972344E-10, 1.14414841391638E-8, 1.55949821670360E-7
1.14414841391638E-8, 1.55949821670360E-7, 0.00000212562868446142
1.55949821670360E-7, 0.00000212562868446142, 0.0000289727635197670

3.31491414279159E-13, 4.51829730420517E-12, 6.15853372057341E-11
4.51829730420517E-12, 6.15853372057341E-11, 8.39421025972344E-10
6.15853372057341E-11, 8.39421025972344E-10, 1.14414841391638E-8

4.51829730420517E-12, 6.15853372057341E-11, 8.39421025972344E-10
6.15853372057341E-11, 8.39421025972344E-10, 1.14414841391638E-8
8.39421025972344E-10, 1.14414841391638E-8, 1.55949821670360E-7

6.15853372057341E-11, 8.39421025972344E-10, 1.14414841391638E-8
8.39421025972344E-10, 1.14414841391638E-8, 1.55949821670360E-7
1.14414841391638E-8, 1.55949821670360E-7, 0.00000212562868446142

4.51829730420517E-12, 6.15853372057341E-11, 8.39421025972344E-10
6.15853372057341E-11, 8.39421025972344E-10, 1.14414841391638E-8
8.39421025972344E-10, 1.14414841391638E-8, 1.55949821670360E-7

6.15853372057341E-11, 8.39421025972344E-10, 1.14414841391638E-8
8.39421025972344E-10, 1.14414841391638E-8, 1.55949821670360E-7
1.14414841391638E-8, 1.55949821670360E-7, 0.00000212562868446142

8.39421025972344E-10, 1.14414841391638E-8, 1.55949821670360E-7
1.14414841391638E-8, 1.55949821670360E-7, 0.00000212562868446142
1.55949821670360E-7, 0.00000212562868446142, 0.0000289727635197670

6.15853372057341E-11, 8.39421025972344E-10, 1.14414841391638E-8
8.39421025972344E-10, 1.14414841391638E-8, 1.55949821670360E-7
1.14414841391638E-8, 1.55949821670360E-7, 0.00000212562868446142

8.39421025972344E-10, 1.14414841391638E-8, 1.55949821670360E-7
1.14414841391638E-8, 1.55949821670360E-7, 0.00000212562868446142
1.55949821670360E-7, 0.00000212562868446142, 0.0000289727635197670

1.14414841391638E-8, 1.55949821670360E-7, 0.00000212562868446142
1.55949821670360E-7, 0.00000212562868446142, 0.0000289727635197670
0.00000212562868446142, 0.0000289727635197670, 0.000394904826091502

4.51829730420517E-12, 6.15853372057341E-11, 8.39421025972344E-10
6.15853372057341E-11, 8.39421025972344E-10, 1.14414841391638E-8
8.39421025972344E-10, 1.14414841391638E-8, 1.55949821670360E-7

6.15853372057341E-11, 8.39421025972344E-10, 1.14414841391638E-8
8.39421025972344E-10, 1.14414841391638E-8, 1.55949821670360E-7
1.14414841391638E-8, 1.55949821670360E-7, 0.00000212562868446142

8.39421025972344E-10, 1.14414841391638E-8, 1.55949821670360E-7
1.14414841391638E-8, 1.55949821670360E-7, 0.00000212562868446142
1.55949821670360E-7, 0.00000212562868446142, 0.0000289727635197670

6.15853372057341E-11, 8.39421025972344E-10, 1.14414841391638E-8
8.39421025972344E-10, 1.14414841391638E-8, 1.55949821670360E-7
1.14414841391638E-8, 1.55949821670360E-7, 0.00000212562868446142

8.39421025972344E-10, 1.14414841391638E-8, 1.55949821670360E-7
1.14414841391638E-8, 1.55949821670360E-7, 0.00000212562868446142
1.55949821670360E-7, 0.00000212562868446142, 0.0000289727635197670

1.14414841391638E-8, 1.55949821670360E-7, 0.00000212562868446142
1.55949821670360E-7, 0.00000212562868446142, 0.0000289727635197670
0.00000212562868446142, 0.0000289727635197670, 0.000394904826091502

8.39421025972344E-10, 1.14414841391638E-8, 1.55949821670360E-7
1.14414841391638E-8, 1.55949821670360E-7, 0.00000212562868446142
1.55949821670360E-7, 0.00000212562868446142, 0.0000289727635197670

1.14414841391638E-8, 1.55949821670360E-7, 0.00000212562868446142
1.55949821670360E-7, 0.00000212562868446142, 0.0000289727635197670
0.00000212562868446142, 0.0000289727635197670, 0.000394904826091502

1.55949821670360E-7, 0.00000212562868446142, 0.0000289727635197670
0.00000212562868446142, 0.0000289727635197670, 0.000394904826091502
0.0000289727635197670, 0.000394904826091502, 0.00538263536938617

3.31491414279159E-13, 4.51829730420517E-12, 6.15853372057341E-11
4.51829730420517E-12, 6.15853372057341E-11, 8.39421025972344E-10
6.15853372057341E-11, 8.39421025972344E-10, 1.14414841391638E-8

4.51829730420517E-12, 6.15853372057341E-11, 8.39421025972344E-10
6.15853372057341E-11, 8.39421025972344E-10, 1.14414841391638E-8
8.39421025972344E-10, 1.14414841391638E-8, 1.55949821670360E-7

6.15853372057341E-11, 8.39421025972344E-10, 1.14414841391638E-8
8.39421025972344E-10, 1.14414841391638E-8, 1.55949821670360E-7
1.14414841391638E-8, 1.55949821670360E-7, 0.00000212562868446142

4.51829730420517E-12, 6.15853372057341E-11, 8.39421025972344E-10
6.15853372057341E-11, 8.39421025972344E-10, 1.14414841391638E-8
8.39421025972344E-10, 1.14414841391638E-8, 1.55949821670360E-7

6.15853372057341E-11, 8.39421025972344E-10, 1.14414841391638E-8
8.39421025972344E-10, 1.14414841391638E-8, 1.55949821670360E-7
1.14414841391638E-8, 1.55949821670360E-7, 0.00000212562868446142

8.39421025972344E-10, 1.14414841391638E-8, 1.55949821670360E-7
1.14414841391638E-8, 1.55949821670360E-7, 0.00000212562868446142
1.55949821670360E-7, 0.00000212562868446142, 0.0000289727635197670

6.15853372057341E-11, 8.39421025972344E-10, 1.14414841391638E-8
8.39421025972344E-10, 1.14414841391638E-8, 1.55949821670360E-7
1.14414841391638E-8, 1.55949821670360E-7, 0.00000212562868446142

8.39421025972344E-10, 1.14414841391638E-8, 1.55949821670360E-7
1.14414841391638E-8, 1.55949821670360E-7, 0.00000212562868446142
1.55949821670360E-7, 0.00000212562868446142, 0.0000289727635197670

1.14414841391638E-8, 1.55949821670360E-7, 0.00000212562868446142
1.55949821670360E-7, 0.00000212562868446142, 0.0000289727635197670
0.00000212562868446142, 0.0000289727635197670, 0.000394904826091502

4.51829730420517E-12, 6.15853372057341E-11, 8.39421025972344E-10
6.15853372057341E-11, 8.39421025972344E-10, 1.14414841391638E-8
8.39421025972344E-10, 1.14414841391638E-8, 1.55949821670360E-7

6.15853372057341E-11, 8.39421025972344E-10, 1.14414841391638E-8
8.39421025972344E-10, 1.14414841391638E-8, 1.55949821670360E-7
1.14414841391638E-8, 1.55949821670360E-7, 0.00000212562868446142

8.39421025972344E-10, 1.14414841391638E-8, 1.55949821670360E-7
1.14414841391638E-8, 1.55949821670360E-7, 0.00000212562868446142
1.55949821670360E-7, 0.00000212562868446142, 0.0000289727635197670

6.15853372057341E-11, 8.39421025972344E-10, 1.14414841391638E-8
8.39421025972344E-10, 1.14414841391638E-8, 1.55949821670360E-7
1.14414841391638E-8, 1.55949821670360E-7, 0.00000212562868446142

8.39421025972344E-10, 1.14414841391638E-8, 1.55949821670360E-7
1.14414841391638E-8, 1.55949821670360E-7, 0.00000212562868446142
1.55949821670360E-7, 0.00000212562868446142, 0.0000289727635197670

1.14414841391638E-8, 1.55949821670360E-7, 0.00000212562868446142
1.55949821670360E-7, 0.00000212562868446142, 0.0000289727635197670
0.00000212562868446142, 0.0000289727635197670, 0.000394904826091502

8.39421025972344E-10, 1.14414841391638E-8, 1.55949821670360E-7
1.14414841391638E-8, 1.55949821670360E-7, 0.00000212562868446142
1.55949821670360E-7, 0.00000212562868446142, 0.0000289727635197670

1.14414841391638E-8, 1.55949821670360E-7, 0.00000212562868446142
1.55949821670360E-7, 0.00000212562868446142, 0.0000289727635197670
0.00000212562868446142, 0.0000289727635197670, 0.000394904826091502

1.55949821670360E-7, 0.00000212562868446142, 0.0000289727635197670
0.00000212562868446142, 0.0000289727635197670, 0.000394904826091502
0.0000289727635197670, 0.000394904826091502, 0.00538263536938617

6.15853372057341E-11, 8.39421025972344E-10, 1.14414841391638E-8
8.39421025972344E-10, 1.14414841391638E-8, 1.55949821670360E-7
1.14414841391638E-8, 1.55949821670360E-7, 0.00000212562868446142

8.39421025972344E-10, 1.14414841391638E-8, 1.55949821670360E-7
1.14414841391638E-8, 1.55949821670360E-7, 0.00000212562868446142
1.55949821670360E-7, 0.00000212562868446142, 0.0000289727635197670

1.14414841391638E-8, 1.55949821670360E-7, 0.00000212562868446142
1.55949821670360E-7, 0.00000212562868446142, 0.0000289727635197670
0.00000212562868446142, 0.0000289727635197670, 0.000394904826091502

8.39421025972344E-10, 1.14414841391638E-8, 1.55949821670360E-7
1.14414841391638E-8, 1.55949821670360E-7, 0.00000212562868446142
1.55949821670360E-7, 0.00000212562868446142, 0.0000289727635197670

1.14414841391638E-8, 1.55949821670360E-7, 0.00000212562868446142
1.55949821670360E-7, 0.00000212562868446142, 0.0000289727635197670
0.00000212562868446142, 0.0000289727635197670, 0.000394904826091502

1.55949821670360E-7, 0.00000212562868446142, 0.0000289727635197670
0.00000212562868446142, 0.0000289727635197670, 0.000394904826091502
0.0000289727635197670, 0.000394904826091502, 0.00538263536938617

1.14414841391638E-8, 1.55949821670360E-7, 0.00000212562868446142
1.55949821670360E-7, 0.00000212562868446142, 0.0000289727635197670
0.00000212562868446142, 0.0000289727635197670, 0.000394904826091502

1.55949821670360E-7, 0.00000212562868446142, 0.0000289727635197670
0.00000212562868446142, 0.0000289727635197670, 0.000394904826091502
0.0000289727635197670, 0.000394904826091502, 0.00538263536938617

0.00000212562868446142, 0.0000289727635197670, 0.000394904826091502
0.0000289727635197670, 0.000394904826091502, 0.00538263536938617
0.000394904826091502, 0.00538263536938617, 0.0733664458004214

2.43203468790169E-14, 3.31491414279159E-13, 4.51829730420517E-12
3.31491414279159E-13, 4.51829730420517E-12, 6.15853372057341E-11
4.51829730420517E-12, 6.15853372057341E-11, 8.39421025972344E-10

3.31491414279159E-13, 4.51829730420517E-12, 6.15853372057341E-11
4.51829730420517E-12, 6.15853372057341E-11, 8.39421025972344E-10
6.15853372057341E-11, 8.39421025972344E-10, 1.14414841391638E-8

4.51829730420517E-12, 6.15853372057341E-11, 8.39421025972344E-10
6.15853372057341E-11, 8.39421025972344E-10, 1.14414841391638E-8
8.39421025972344E-10, 1.14414841391638E-8, 1.55949821670360E-7

3.31491414279159E-13, 4.51829730420517E-12, 6.15853372057341E-11
4.51829730420517E-12, 6.15853372057341E-11, 8.39421025972344E-10
6.15853372057341E-11, 8.39421025972344E-10, 1.14414841391638E-8

4.51829730420517E-12, 6.15853372057341E-11, 8.39421025972344E-10
6.15853372057341E-11, 8.39421025972344E-10, 1.14414841391638E-8
8.39421025972344E-10, 1.14414841391638E-8, 1.55949821670360E-7

6.15853372057341E-11, 8.39421025972344E-10, 1.14414841391638E-8
8.39421025972344E-10, 1.14414841391638E-8, 1.55949821670360E-7
1.14414841391638E-8, 1.55949821670360E-7, 0.00000212562868446142

4.51829730420517E-12, 6.15853372057341E-11, 8.39421025972344E-10
6.15853372057341E-11, 8.39421025972344E-10, 1.14414841391638E-8
8.39421025972344E-10, 1.14414841391638E-8, 1.55949821670360E-7

6.15853372057341E-11, 8.39421025972344E-10, 1.14414841391638E-8
8.39421025972344E-10, 1.14414841391638E-8, 1.55949821670360E-7
1.14414841391638E-8, 1.55949821670360E-7, 0.00000212562868446142

8.39421025972344E-10, 1.14414841391638E-8, 1.55949821670360E-7
1.14414841391638E-8, 1.55949821670360E-7, 0.00000212562868446142
1.55949821670360E-7, 0.00000212562868446142, 0.0000289727635197670

3.31491414279159E-13, 4.51829730420517E-12, 6.15853372057341E-11
4.51829730420517E-12, 6.15853372057341E-11, 8.39421025972344E-10
6.15853372057341E-11, 8.39421025972344E-10, 1.14414841391638E-8

4.51829730420517E-12, 6.15853372057341E-11, 8.39421025972344E-10
6.15853372057341E-11, 8.39421025972344E-10, 1.14414841391638E-8
8.39421025972344E-10, 1.14414841391638E-8, 1.55949821670360E-7

6.15853372057341E-11, 8.39421025972344E-10, 1.14414841391638E-8
8.39421025972344E-10, 1.14414841391638E-8, 1.55949821670360E-7
1.14414841391638E-8, 1.55949821670360E-7, 0.00000212562868446142

4.51829730420517E-12, 6.15853372057341E-11, 8.39421025972344E-10
6.15853372057341E-11, 8.39421025972344E-10, 1.14414841391638E-8
8.39421025972344E-10, 1.14414841391638E-8, 1.55949821670360E-7

6.15853372057341E-11, 8.39421025972344E-10, 1.14414841391638E-8
8.39421025972344E-10, 1.14414841391638E-8, 1.55949821670360E-7
1.14414841391638E-8, 1.55949821670360E-7, 0.00000212562868446142

8.39421025972344E-10, 1.14414841391638E-8, 1.55949821670360E-7
1.14414841391638E-8, 1.55949821670360E-7, 0.00000212562868446142
1.55949821670360E-7, 0.00000212562868446142, 0.0000289727635197670

6.15853372057341E-11, 8.39421025972344E-10, 1.14414841391638E-8
8.39421025972344E-10, 1.14414841391638E-8, 1.55949821670360E-7
1.14414841391638E-8, 1.55949821670360E-7, 0.00000212562868446142

8.39421025972344E-10, 1.14414841391638E-8, 1.55949821670360E-7
1.14414841391638E-8, 1.55949821670360E-7, 0.00000212562868446142
1.55949821670360E-7, 0.00000212562868446142, 0.0000289727635197670

1.14414841391638E-8, 1.55949821670360E-7, 0.00000212562868446142
1.55949821670360E-7, 0.00000212562868446142, 0.0000289727635197670
0.00000212562868446142, 0.0000289727635197670, 0.000394904826091502

4.51829730420517E-12, 6.15853372057341E-11, 8.39421025972344E-10
6.15853372057341E-11, 8.39421025972344E-10, 1.14414841391638E-8
8.39421025972344E-10, 1.14414841391638E-8, 1.55949821670360E-7

6.15853372057341E-11, 8.39421025972344E-10, 1.14414841391638E-8
8.39421025972344E-10, 1.14414841391638E-8, 1.55949821670360E-7
1.14414841391638E-8, 1.55949821670360E-7, 0.00000212562868446142

8.39421025972344E-10, 1.14414841391638E-8, 1.55949821670360E-7
1.14414841391638E-8, 1.55949821670360E-7, 0.00000212562868446142
1.55949821670360E-7, 0.00000212562868446142, 0.0000289727635197670

6.15853372057341E-11, 8.39421025972344E-10, 1.14414841391638E-8
8.39421025972344E-10, 1.14414841391638E-8, 1.55949821670360E-7
1.14414841391638E-8, 1.55949821670360E-7, 0.00000212562868446142

8.39421025972344E-10, 1.14414841391638E-8, 1.55949821670360E-7
1.14414841391638E-8, 1.55949821670360E-7, 0.00000212562868446142
1.55949821670360E-7, 0.00000212562868446142, 0.0000289727635197670

1.14414841391638E-8, 1.55949821670360E-7, 0.00000212562868446142
1.55949821670360E-7, 0.00000212562868446142, 0.0000289727635197670
0.00000212562868446142, 0.0000289727635197670, 0.000394904826091502

8.39421025972344E-10, 1.14414841391638E-8, 1.55949821670360E-7
1.14414841391638E-8, 1.55949821670360E-7, 0.00000212562868446142
1.55949821670360E-7, 0.00000212562868446142, 0.0000289727635197670

1.14414841391638E-8, 1.55949821670360E-7, 0.00000212562868446142
1.55949821670360E-7, 0.00000212562868446142, 0.0000289727635197670
0.00000212562868446142, 0.0000289727635197670, 0.000394904826091502

1.55949821670360E-7, 0.00000212562868446142, 0.0000289727635197670
0.00000212562868446142, 0.0000289727635197670, 0.000394904826091502
0.0000289727635197670, 0.000394904826091502, 0.00538263536938617

3.31491414279159E-13, 4.51829730420517E-12, 6.15853372057341E-11
4.51829730420517E-12, 6.15853372057341E-11, 8.39421025972344E-10
6.15853372057341E-11, 8.39421025972344E-10, 1.14414841391638E-8

4.51829730420517E-12, 6.15853372057341E-11, 8.39421025972344E-10
6.15853372057341E-11, 8.39421025972344E-10, 1.14414841391638E-8
8.39421025972344E-10, 1.14414841391638E-8, 1.55949821670360E-7

6.15853372057341E-11, 8.39421025972344E-10, 1.14414841391638E-8
8.39421025972344E-10, 1.14414841391638E-8, 1.55949821670360E-7
1.14414841391638E-8, 1.55949821670360E-7, 0.00000212562868446142

4.51829730420517E-12, 6.15853372057341E-11, 8.39421025972344E-10
6.15853372057341E-11, 8.39421025972344E-10, 1.14414841391638E-8
8.39421025972344E-10, 1.14414841391638E-8, 1.55949821670360E-7

6.15853372057341E-11, 8.39421025972344E-10, 1.14414841391638E-8
8.39421025972344E-10, 1.14414841391638E-8, 1.55949821670360E-7
1.14414841391638E-8, 1.55949821670360E-7, 0.00000212562868446142

8.39421025972344E-10, 1.14414841391638E-8, 1.55949821670360E-7
1.14414841391638E-8, 1.55949821670360E-7, 0.00000212562868446142
1.55949821670360E-7, 0.00000212562868446142, 0.0000289727635197670

6.15853372057341E-11, 8.39421025972344E-10, 1.14414841391638E-8
8.39421025972344E-10, 1.14414841391638E-8, 1.55949821670360E-7
1.14414841391638E-8, 1.55949821670360E-7, 0.00000212562868446142

8.39421025972344E-10, 1.14414841391638E-8, 1.55949821670360E-7
1.14414841391638E-8, 1.55949821670360E-7, 0.00000212562868446142
1.55949821670360E-7, 0.00000212562868446142, 0.0000289727635197670

1.14414841391638E-8, 1.55949821670360E-7, 0.00000212562868446142
1.55949821670360E-7, 0.00000212562868446142, 0.0000289727635197670
0.00000212562868446142, 0.0000289727635197670, 0.000394904826091502

4.51829730420517E-12, 6.15853372057341E-11, 8.39421025972344E-10
6.15853372057341E-11, 8.39421025972344E-10, 1.14414841391638E-8
8.39421025972344E-10, 1.14414841391638E-8, 1.55949821670360E-7

6.15853372057341E-11, 8.39421025972344E-10, 1.14414841391638E-8
8.39421025972344E-10, 1.14414841391638E-8, 1.55949821670360E-7
1.14414841391638E-8, 1.55949821670360E-7, 0.00000212562868446142

8.39421025972344E-10, 1.14414841391638E-8, 1.55949821670360E-7
1.14414841391638E-8, 1.55949821670360E-7, 0.00000212562868446142
1.55949821670360E-7, 0.00000212562868446142, 0.0000289727635197670

6.15853372057341E-11, 8.39421025972344E-10, 1.14414841391638E-8
8.39421025972344E-10, 1.14414841391638E-8, 1.55949821670360E-7
1.14414841391638E-8, 1.55949821670360E-7, 0.00000212562868446142

8.39421025972344E-10, 1.14414841391638E-8, 1.55949821670360E-7
1.14414841391638E-8, 1.55949821670360E-7, 0.00000212562868446142
1.55949821670360E-7, 0.00000212562868446142, 0.0000289727635197670

1.14414841391638E-8, 1.55949821670360E-7, 0.00000212562868446142
1.55949821670360E-7, 0.00000212562868446142, 0.0000289727635197670
0.00000212562868446142, 0.0000289727635197670, 0.000394904826091502

8.39421025972344E-10, 1.14414841391638E-8, 1.55949821670360E-7
1.14414841391638E-8, 1.55949821670360E-7, 0.00000212562868446142
1.55949821670360E-7, 0.00000212562868446142, 0.0000289727635197670

1.14414841391638E-8, 1.55949821670360E-7, 0.00000212562868446142
1.55949821670360E-7, 0.00000212562868446142, 0.0000289727635197670
0.00000212562868446142, 0.0000289727635197670, 0.000394904826091502

1.55949821670360E-7, 0.00000212562868446142, 0.0000289727635197670
0.00000212562868446142, 0.0000289727635197670, 0.000394904826091502
0.0000289727635197670, 0.000394904826091502, 0.00538263536938617

6.15853372057341E-11, 8.39421025972344E-10, 1.14414841391638E-8
8.39421025972344E-10, 1.14414841391638E-8, 1.55949821670360E-7
1.14414841391638E-8, 1.55949821670360E-7, 0.00000212562868446142

8.39421025972344E-10, 1.14414841391638E-8, 1.55949821670360E-7
1.14414841391638E-8, 1.55949821670360E-7, 0.00000212562868446142
1.55949821670360E-7, 0.00000212562868446142, 0.0000289727635197670

1.14414841391638E-8, 1.55949821670360E-7, 0.00000212562868446142
1.55949821670360E-7, 0.00000212562868446142, 0.0000289727635197670
0.00000212562868446142, 0.0000289727635197670, 0.000394904826091502

8.39421025972344E-10, 1.14414841391638E-8, 1.55949821670360E-7
1.14414841391638E-8, 1.55949821670360E-7, 0.00000212562868446142
1.55949821670360E-7, 0.00000212562868446142, 0.0000289727635197670

1.14414841391638E-8, 1.55949821670360E-7, 0.00000212562868446142
1.55949821670360E-7, 0.00000212562868446142, 0.0000289727635197670
0.00000212562868446142, 0.0000289727635197670, 0.000394904826091502

1.55949821670360E-7, 0.00000212562868446142, 0.0000289727635197670
0.00000212562868446142, 0.0000289727635197670, 0.000394904826091502
0.0000289727635197670, 0.000394904826091502, 0.00538263536938617

1.14414841391638E-8, 1.55949821670360E-7, 0.00000212562868446142
1.55949821670360E-7, 0.00000212562868446142, 0.0000289727635197670
0.00000212562868446142, 0.0000289727635197670, 0.000394904826091502

1.55949821670360E-7, 0.00000212562868446142, 0.0000289727635197670
0.00000212562868446142, 0.0000289727635197670, 0.000394904826091502
0.0000289727635197670, 0.000394904826091502, 0.00538263536938617

0.00000212562868446142, 0.0000289727635197670, 0.000394904826091502
0.0000289727635197670, 0.000394904826091502, 0.00538263536938617
0.000394904826091502, 0.00538263536938617, 0.0733664458004214

4.51829730420517E-12, 6.15853372057341E-11, 8.39421025972344E-10
6.15853372057341E-11, 8.39421025972344E-10, 1.14414841391638E-8
8.39421025972344E-10, 1.14414841391638E-8, 1.55949821670360E-7

6.15853372057341E-11, 8.39421025972344E-10, 1.14414841391638E-8
8.39421025972344E-10, 1.14414841391638E-8, 1.55949821670360E-7
1.14414841391638E-8, 1.55949821670360E-7, 0.00000212562868446142

8.39421025972344E-10, 1.14414841391638E-8, 1.55949821670360E-7
1.14414841391638E-8, 1.55949821670360E-7, 0.00000212562868446142
1.55949821670360E-7, 0.00000212562868446142, 0.0000289727635197670

6.15853372057341E-11, 8.39421025972344E-10, 1.14414841391638E-8
8.39421025972344E-10, 1.14414841391638E-8, 1.55949821670360E-7
1.14414841391638E-8, 1.55949821670360E-7, 0.00000212562868446142

8.39421025972344E-10, 1.14414841391638E-8, 1.55949821670360E-7
1.14414841391638E-8, 1.55949821670360E-7, 0.00000212562868446142
1.55949821670360E-7, 0.00000212562868446142, 0.0000289727635197670

1.14414841391638E-8, 1.55949821670360E-7, 0.00000212562868446142
1.55949821670360E-7, 0.00000212562868446142, 0.0000289727635197670
0.00000212562868446142, 0.0000289727635197670, 0.000394904826091502

8.39421025972344E-10, 1.14414841391638E-8, 1.55949821670360E-7
1.14414841391638E-8, 1.55949821670360E-7, 0.00000212562868446142
1.55949821670360E-7, 0.00000212562868446142, 0.0000289727635197670

1.14414841391638E-8, 1.55949821670360E-7, 0.00000212562868446142
1.55949821670360E-7, 0.00000212562868446142, 0.0000289727635197670
0.00000212562868446142, 0.0000289727635197670, 0.000394904826091502

1.55949821670360E-7, 0.00000212562868446142, 0.0000289727635197670
0.00000212562868446142, 0.0000289727635197670, 0.000394904826091502
0.0000289727635197670, 0.000394904826091502, 0.00538263536938617

6.15853372057341E-11, 8.39421025972344E-10, 1.14414841391638E-8
8.39421025972344E-10, 1.14414841391638E-8, 1.55949821670360E-7
1.14414841391638E-8, 1.55949821670360E-7, 0.00000212562868446142

8.39421025972344E-10, 1.14414841391638E-8, 1.55949821670360E-7
1.14414841391638E-8, 1.55949821670360E-7, 0.00000212562868446142
1.55949821670360E-7, 0.00000212562868446142, 0.0000289727635197670

1.14414841391638E-8, 1.55949821670360E-7, 0.00000212562868446142
1.55949821670360E-7, 0.00000212562868446142, 0.0000289727635197670
0.00000212562868446142, 0.0000289727635197670, 0.000394904826091502

8.39421025972344E-10, 1.14414841391638E-8, 1.55949821670360E-7
1.14414841391638E-8, 1.55949821670360E-7, 0.00000212562868446142
1.55949821670360E-7, 0.00000212562868446142, 0.0000289727635197670

1.14414841391638E-8, 1.55949821670360E-7, 0.00000212562868446142
1.55949821670360E-7, 0.00000212562868446142, 0.0000289727635197670
0.00000212562868446142, 0.0000289727635197670, 0.000394904826091502

1.55949821670360E-7, 0.00000212562868446142, 0.0000289727635197670
0.00000212562868446142, 0.0000289727635197670, 0.000394904826091502
0.0000289727635197670, 0.000394904826091502, 0.00538263536938617

1.14414841391638E-8, 1.55949821670360E-7, 0.00000212562868446142
1.55949821670360E-7, 0.00000212562868446142, 0.0000289727635197670
0.00000212562868446142, 0.0000289727635197670, 0.000394904826091502

1.55949821670360E-7, 0.00000212562868446142, 0.0000289727635197670
0.00000212562868446142, 0.0000289727635197670, 0.000394904826091502
0.0000289727635197670, 0.000394904826091502, 0.00538263536938617

0.00000212562868446142, 0.0000289727635197670, 0.000394904826091502
0.0000289727635197670, 0.000394904826091502, 0.00538263536938617
0.000394904826091502, 0.00538263536938617, 0.0733664458004214

8.39421025972344E-10, 1.14414841391638E-8, 1.55949821670360E-7
1.14414841391638E-8, 1.55949821670360E-7, 0.00000212562868446142
1.55949821670360E-7, 0.00000212562868446142, 0.0000289727635197670

1.14414841391638E-8, 1.55949821670360E-7, 0.00000212562868446142
1.55949821670360E-7, 0.00000212562868446142, 0.0000289727635197670
0.00000212562868446142, 0.0000289727635197670, 0.000394904826091502

1.55949821670360E-7, 0.00000212562868446142, 0.0000289727635197670
0.00000212562868446142, 0.0000289727635197670, 0.000394904826091502
0.0000289727635197670, 0.000394904826091502, 0.00538263536938617

1.14414841391638E-8, 1.55949821670360E-7, 0.00000212562868446142
1.55949821670360E-7, 0.00000212562868446142, 0.0000289727635197670
0.00000212562868446142, 0.0000289727635197670, 0.000394904826091502

1.55949821670360E-7, 0.00000212562868446142, 0.0000289727635197670
0.00000212562868446142, 0.0000289727635197670, 0.000394904826091502
0.0000289727635197670, 0.000394904826091502, 0.00538263536938617

0.00000212562868446142, 0.0000289727635197670, 0.000394904826091502
0.0000289727635197670, 0.000394904826091502, 0.00538263536938617
0.000394904826091502, 0.00538263536938617, 0.0733664458004214

1.55949821670360E-7, 0.00000212562868446142, 0.0000289727635197670
0.00000212562868446142, 0.0000289727635197670, 0.000394904826091502
0.0000289727635197670, 0.000394904826091502, 0.00538263536938617

0.00000212562868446142, 0.0000289727635197670, 0.000394904826091502
0.0000289727635197670, 0.000394904826091502, 0.00538263536938617
0.000394904826091502, 0.00538263536938617, 0.0733664458004214

0.0000289727635197670, 0.000394904826091502, 0.00538263536938617
0.000394904826091502, 0.00538263536938617, 0.0733664458004214
0.00538263536938617, 0.0733664458004214, 1.00000000000000
 