Attribute names:	P0	P1	P2	P3	P4
Minor allele frequencies:	0.500	0.500	0.500	0.500	0.500
x: 0.263159957816295
y: 0.142820492109516
Prevalence: 0.524538972148804
Heritability: 0.0500000000000000

Table:

0.263159957816295, 0.300744592495138, 0.343697083194570
0.300744592495138, 0.343697083194570, 0.392784069753023
0.343697083194570, 0.392784069753023, 0.448881683887929

0.300744592495138, 0.343697083194570, 0.392784069753023
0.343697083194570, 0.392784069753023, 0.448881683887929
0.392784069753023, 0.448881683887929, 0.512991186879751

0.343697083194570, 0.392784069753023, 0.448881683887929
0.392784069753023, 0.448881683887929, 0.512991186879751
0.448881683887929, 0.512991186879751, 0.586256840637762

0.300744592495138, 0.343697083194570, 0.392784069753023
0.343697083194570, 0.392784069753023, 0.448881683887929
0.392784069753023, 0.448881683887929, 0.512991186879751

0.343697083194570, 0.392784069753023, 0.448881683887929
0.392784069753023, 0.448881683887929, 0.512991186879751
0.448881683887929, 0.512991186879751, 0.586256840637762

0.392784069753023, 0.448881683887929, 0.512991186879751
0.448881683887929, 0.512991186879751, 0.586256840637762
0.512991186879751, 0.586256840637762, 0.669986331120217

0.343697083194570, 0.392784069753023, 0.448881683887929
0.392784069753023, 0.448881683887929, 0.512991186879751
0.448881683887929, 0.512991186879751, 0.586256840637762

0.392784069753023, 0.448881683887929, 0.512991186879751
0.448881683887929, 0.512991186879751, 0.586256840637762
0.512991186879751, 0.586256840637762, 0.669986331120217

0.448881683887929, 0.512991186879751, 0.586256840637762
0.512991186879751, 0.586256840637762, 0.669986331120217
0.586256840637762, 0.669986331120217, 0.765674108637455

0.300744592495138, 0.343697083194570, 0.392784069753023
0.343697083194570, 0.392784069753023, 0.448881683887929
0.392784069753023, 0.448881683887929, 0.512991186879751

0.343697083194570, 0.392784069753023, 0.448881683887929
0.392784069753023, 0.448881683887929, 0.512991186879751
0.448881683887929, 0.512991186879751, 0.586256840637762

0.392784069753023, 0.448881683887929, 0.512991186879751
0.448881683887929, 0.512991186879751, 0.586256840637762
0.512991186879751, 0.586256840637762, 0.669986331120217

0.343697083194570, 0.392784069753023, 0.448881683887929
0.392784069753023, 0.448881683887929, 0.512991186879751
0.448881683887929, 0.512991186879751, 0.586256840637762

0.392784069753023, 0.448881683887929, 0.512991186879751
0.448881683887929, 0.512991186879751, 0.586256840637762
0.512991186879751, 0.586256840637762, 0.669986331120217

0.448881683887929, 0.512991186879751, 0.586256840637762
0.512991186879751, 0.586256840637762, 0.669986331120217
0.586256840637762, 0.669986331120217, 0.765674108637455

0.392784069753023, 0.448881683887929, 0.512991186879751
0.448881683887929, 0.512991186879751, 0.586256840637762
0.512991186879751, 0.586256840637762, 0.669986331120217

0.448881683887929, 0.512991186879751, 0.586256840637762
0.512991186879751, 0.586256840637762, 0.669986331120217
0.586256840637762, 0.669986331120217, 0.765674108637455

0.512991186879751, 0.586256840637762, 0.669986331120217
0.586256840637762, 0.669986331120217, 0.765674108637455
0.669986331120217, 0.765674108637455, 0.875028061628572

0.343697083194570, 0.392784069753023, 0.448881683887929
0.392784069753023, 0.448881683887929, 0.512991186879751
0.448881683887929, 0.512991186879751, 0.586256840637762

0.392784069753023, 0.448881683887929, 0.512991186879751
0.448881683887929, 0.512991186879751, 0.586256840637762
0.512991186879751, 0.586256840637762, 0.669986331120217

0.448881683887929, 0.512991186879751, 0.586256840637762
0.512991186879751, 0.586256840637762, 0.669986331120217
0.586256840637762, 0.669986331120217, 0.765674108637455

0.392784069753023, 0.448881683887929, 0.512991186879751
0.448881683887929, 0.512991186879751, 0.586256840637762
0.512991186879751, 0.586256840637762, 0.669986331120217

0.448881683887929, 0.512991186879751, 0.586256840637762
0.512991186879751, 0.586256840637762, 0.669986331120217
0.586256840637762, 0.669986331120217, 0.765674108637455

0.512991186879751, 0.586256840637762, 0.669986331120217
0.586256840637762, 0.669986331120217, 0.765674108637455
0.669986331120217, 0.765674108637455, 0.875028061628572

0.448881683887929, 0.512991186879751, 0.586256840637762
0.512991186879751, 0.586256840637762, 0.669986331120217
0.586256840637762, 0.669986331120217, 0.765674108637455

0.512991186879751, 0.586256840637762, 0.669986331120217
0.586256840637762, 0.669986331120217, 0.765674108637455
0.669986331120217, 0.765674108637455, 0.875028061628572

0.586256840637762, 0.669986331120217, 0.765674108637455
0.669986331120217, 0.765674108637455, 0.875028061628572
0.765674108637455, 0.875028061628572, 1.00000000000000
 