Attribute names:	P0	P1	P2	P3	P4	P5
Minor allele frequencies:	0.200	0.200	0.200	0.200	0.200	0.200
x: 1.29218862407940e-10
y: 5.66893023015648
Prevalence: 1.15116177981013e-6
Heritability: 0.0100000000000000

Table:

1.29218862407940E-10, 8.61751577818740E-10, 5.74696114820044E-9
8.61751577818740E-10, 5.74696114820044E-9, 3.83260829327687E-8
5.74696114820044E-9, 3.83260829327687E-8, 2.55593973073825E-7

8.61751577818740E-10, 5.74696114820044E-9, 3.83260829327687E-8
5.74696114820044E-9, 3.83260829327687E-8, 2.55593973073825E-7
3.83260829327687E-8, 2.55593973073825E-7, 0.00000170453837367783

5.74696114820044E-9, 3.83260829327687E-8, 2.55593973073825E-7
3.83260829327687E-8, 2.55593973073825E-7, 0.00000170453837367783
2.55593973073825E-7, 0.00000170453837367783, 0.0000113674474886819

8.61751577818740E-10, 5.74696114820044E-9, 3.83260829327687E-8
5.74696114820044E-9, 3.83260829327687E-8, 2.55593973073825E-7
3.83260829327687E-8, 2.55593973073825E-7, 0.00000170453837367783

5.74696114820044E-9, 3.83260829327687E-8, 2.55593973073825E-7
3.83260829327687E-8, 2.55593973073825E-7, 0.00000170453837367783
2.55593973073825E-7, 0.00000170453837367783, 0.0000113674474886819

3.83260829327687E-8, 2.55593973073825E-7, 0.00000170453837367783
2.55593973073825E-7, 0.00000170453837367783, 0.0000113674474886819
0.00000170453837367783, 0.0000113674474886819, 0.0000758087141969868

5.74696114820044E-9, 3.83260829327687E-8, 2.55593973073825E-7
3.83260829327687E-8, 2.55593973073825E-7, 0.00000170453837367783
2.55593973073825E-7, 0.00000170453837367783, 0.0000113674474886819

3.83260829327687E-8, 2.55593973073825E-7, 0.00000170453837367783
2.55593973073825E-7, 0.00000170453837367783, 0.0000113674474886819
0.00000170453837367783, 0.0000113674474886819, 0.0000758087141969868

2.55593973073825E-7, 0.00000170453837367783, 0.0000113674474886819
0.00000170453837367783, 0.0000113674474886819, 0.0000758087141969868
0.0000113674474886819, 0.0000758087141969868, 0.000505563025817578

8.61751577818740E-10, 5.74696114820044E-9, 3.83260829327687E-8
5.74696114820044E-9, 3.83260829327687E-8, 2.55593973073825E-7
3.83260829327687E-8, 2.55593973073825E-7, 0.00000170453837367783

5.74696114820044E-9, 3.83260829327687E-8, 2.55593973073825E-7
3.83260829327687E-8, 2.55593973073825E-7, 0.00000170453837367783
2.55593973073825E-7, 0.00000170453837367783, 0.0000113674474886819

3.83260829327687E-8, 2.55593973073825E-7, 0.00000170453837367783
2.55593973073825E-7, 0.00000170453837367783, 0.0000113674474886819
0.00000170453837367783, 0.0000113674474886819, 0.0000758087141969868

5.74696114820044E-9, 3.83260829327687E-8, 2.55593973073825E-7
3.83260829327687E-8, 2.55593973073825E-7, 0.00000170453837367783
2.55593973073825E-7, 0.00000170453837367783, 0.0000113674474886819

3.83260829327687E-8, 2.55593973073825E-7, 0.00000170453837367783
2.55593973073825E-7, 0.00000170453837367783, 0.0000113674474886819
0.00000170453837367783, 0.0000113674474886819, 0.0000758087141969868

2.55593973073825E-7, 0.00000170453837367783, 0.0000113674474886819
0.00000170453837367783, 0.0000113674474886819, 0.0000758087141969868
0.0000113674474886819, 0.0000758087141969868, 0.000505563025817578

3.83260829327687E-8, 2.55593973073825E-7, 0.00000170453837367783
2.55593973073825E-7, 0.00000170453837367783, 0.0000113674474886819
0.00000170453837367783, 0.0000113674474886819, 0.0000758087141969868

2.55593973073825E-7, 0.00000170453837367783, 0.0000113674474886819
0.00000170453837367783, 0.0000113674474886819, 0.0000758087141969868
0.0000113674474886819, 0.0000758087141969868, 0.000505563025817578

0.00000170453837367783, 0.0000113674474886819, 0.0000758087141969868
0.0000113674474886819, 0.0000758087141969868, 0.000505563025817578
0.0000758087141969868, 0.000505563025817578, 0.00337156454612423

5.74696114820044E-9, 3.83260829327687E-8, 2.55593973073825E-7
3.83260829327687E-8, 2.55593973073825E-7, 0.00000170453837367783
2.55593973073825E-7, 0.00000170453837367783, 0.0000113674474886819

3.83260829327687E-8, 2.55593973073825E-7, 0.00000170453837367783
2.55593973073825E-7, 0.00000170453837367783, 0.0000113674474886819
0.00000170453837367783, 0.0000113674474886819, 0.0000758087141969868

2.55593973073825E-7, 0.00000170453837367783, 0.0000113674474886819
0.00000170453837367783, 0.0000113674474886819, 0.0000758087141969868
0.0000113674474886819, 0.0000758087141969868, 0.000505563025817578

3.83260829327687E-8, 2.55593973073825E-7, 0.00000170453837367783
2.55593973073825E-7, 0.00000170453837367783, 0.0000113674474886819
0.00000170453837367783, 0.0000113674474886819, 0.0000758087141969868

2.55593973073825E-7, 0.00000170453837367783, 0.0000113674474886819
0.00000170453837367783, 0.0000113674474886819, 0.0000758087141969868
0.0000113674474886819, 0.0000758087141969868, 0.000505563025817578

0.00000170453837367783, 0.0000113674474886819, 0.0000758087141969868
0.0000113674474886819, 0.0000758087141969868, 0.000505563025817578
0.0000758087141969868, 0.000505563025817578, 0.00337156454612423

2.55593973073825E-7, 0.00000170453837367783, 0.0000113674474886819
0.00000170453837367783, 0.0000113674474886819, 0.0000758087141969868
0.0000113674474886819, 0.0000758087141969868, 0.000505563025817578

0.00000170453837367783, 0.0000113674474886819, 0.0000758087141969868
0.0000113674474886819, 0.0000758087141969868, 0.000505563025817578
0.0000758087141969868, 0.000505563025817578, 0.00337156454612423

0.0000113674474886819, 0.0000758087141969868, 0.000505563025817578
0.0000758087141969868, 0.000505563025817578, 0.00337156454612423
0.000505563025817578, 0.00337156454612423, 0.0224847287245717

8.61751577818740E-10, 5.74696114820044E-9, 3.83260829327687E-8
5.74696114820044E-9, 3.83260829327687E-8, 2.55593973073825E-7
3.83260829327687E-8, 2.55593973073825E-7, 0.00000170453837367783

5.74696114820044E-9, 3.83260829327687E-8, 2.55593973073825E-7
3.83260829327687E-8, 2.55593973073825E-7, 0.00000170453837367783
2.55593973073825E-7, 0.00000170453837367783, 0.0000113674474886819

3.83260829327687E-8, 2.55593973073825E-7, 0.00000170453837367783
2.55593973073825E-7, 0.00000170453837367783, 0.0000113674474886819
0.00000170453837367783, 0.0000113674474886819, 0.0000758087141969868

5.74696114820044E-9, 3.83260829327687E-8, 2.55593973073825E-7
3.83260829327687E-8, 2.55593973073825E-7, 0.00000170453837367783
2.55593973073825E-7, 0.00000170453837367783, 0.0000113674474886819

3.83260829327687E-8, 2.55593973073825E-7, 0.00000170453837367783
2.55593973073825E-7, 0.00000170453837367783, 0.0000113674474886819
0.00000170453837367783, 0.0000113674474886819, 0.0000758087141969868

2.55593973073825E-7, 0.00000170453837367783, 0.0000113674474886819
0.00000170453837367783, 0.0000113674474886819, 0.0000758087141969868
0.0000113674474886819, 0.0000758087141969868, 0.000505563025817578

3.83260829327687E-8, 2.55593973073825E-7, 0.00000170453837367783
2.55593973073825E-7, 0.00000170453837367783, 0.0000113674474886819
0.00000170453837367783, 0.0000113674474886819, 0.0000758087141969868

2.55593973073825E-7, 0.00000170453837367783, 0.0000113674474886819
0.00000170453837367783, 0.0000113674474886819, 0.0000758087141969868
0.0000113674474886819, 0.0000758087141969868, 0.000505563025817578

0.00000170453837367783, 0.0000113674474886819, 0.0000758087141969868
0.0000113674474886819, 0.0000758087141969868, 0.000505563025817578
0.0000758087141969868, 0.000505563025817578, 0.00337156454612423

5.74696114820044E-9, 3.83260829327687E-8, 2.55593973073825E-7
3.83260829327687E-8, 2.55593973073825E-7, 0.00000170453837367783
2.55593973073825E-7, 0.00000170453837367783, 0.0000113674474886819

3.83260829327687E-8, 2.55593973073825E-7, 0.00000170453837367783
2.55593973073825E-7, 0.00000170453837367783, 0.0000113674474886819
0.00000170453837367783, 0.0000113674474886819, 0.0000758087141969868

2.55593973073825E-7, 0.00000170453837367783, 0.0000113674474886819
0.00000170453837367783, 0.0000113674474886819, 0.0000758087141969868
0.0000113674474886819, 0.0000758087141969868, 0.000505563025817578

3.83260829327687E-8, 2.55593973073825E-7, 0.00000170453837367783
2.55593973073825E-7, 0.00000170453837367783, 0.0000113674474886819
0.00000170453837367783, 0.0000113674474886819, 0.0000758087141969868

2.55593973073825E-7, 0.00000170453837367783, 0.0000113674474886819
0.00000170453837367783, 0.0000113674474886819, 0.0000758087141969868
0.0000113674474886819, 0.0000758087141969868, 0.000505563025817578

0.00000170453837367783, 0.0000113674474886819, 0.0000758087141969868
0.0000113674474886819, 0.0000758087141969868, 0.000505563025817578
0.0000758087141969868, 0.000505563025817578, 0.00337156454612423

2.55593973073825E-7, 0.00000170453837367783, 0.0000113674474886819
0.00000170453837367783, 0.0000113674474886819, 0.0000758087141969868
0.0000113674474886819, 0.0000758087141969868, 0.000505563025817578

0.00000170453837367783, 0.0000113674474886819, 0.0000758087141969868
0.0000113674474886819, 0.0000758087141969868, 0.000505563025817578
0.0000758087141969868, 0.000505563025817578, 0.00337156454612423

0.0000113674474886819, 0.0000758087141969868, 0.000505563025817578
0.0000758087141969868, 0.000505563025817578, 0.00337156454612423
0.000505563025817578, 0.00337156454612423, 0.0224847287245717

3.83260829327687E-8, 2.55593973073825E-7, 0.00000170453837367783
2.55593973073825E-7, 0.00000170453837367783, 0.0000113674474886819
0.00000170453837367783, 0.0000113674474886819, 0.0000758087141969868

2.55593973073825E-7, 0.00000170453837367783, 0.0000113674474886819
0.00000170453837367783, 0.0000113674474886819, 0.0000758087141969868
0.0000113674474886819, 0.0000758087141969868, 0.000505563025817578

0.00000170453837367783, 0.0000113674474886819, 0.0000758087141969868
0.0000113674474886819, 0.0000758087141969868, 0.000505563025817578
0.0000758087141969868, 0.000505563025817578, 0.00337156454612423

2.55593973073825E-7, 0.00000170453837367783, 0.0000113674474886819
0.00000170453837367783, 0.0000113674474886819, 0.0000758087141969868
0.0000113674474886819, 0.0000758087141969868, 0.000505563025817578

0.00000170453837367783, 0.0000113674474886819, 0.0000758087141969868
0.0000113674474886819, 0.0000758087141969868, 0.000505563025817578
0.0000758087141969868, 0.000505563025817578, 0.00337156454612423

0.0000113674474886819, 0.0000758087141969868, 0.000505563025817578
0.0000758087141969868, 0.000505563025817578, 0.00337156454612423
0.000505563025817578, 0.00337156454612423, 0.0224847287245717

0.00000170453837367783, 0.0000113674474886819, 0.0000758087141969868
0.0000113674474886819, 0.0000758087141969868, 0.000505563025817578
0.0000758087141969868, 0.000505563025817578, 0.00337156454612423

0.0000113674474886819, 0.0000758087141969868, 0.000505563025817578
0.0000758087141969868, 0.000505563025817578, 0.00337156454612423
0.000505563025817578, 0.00337156454612423, 0.0224847287245717

0.0000758087141969868, 0.000505563025817578, 0.00337156454612423
0.000505563025817578, 0.00337156454612423, 0.0224847287245717
0.00337156454612423, 0.0224847287245717, 0.149949087108164

5.74696114820044E-9, 3.83260829327687E-8, 2.55593973073825E-7
3.83260829327687E-8, 2.55593973073825E-7, 0.00000170453837367783
2.55593973073825E-7, 0.00000170453837367783, 0.0000113674474886819

3.83260829327687E-8, 2.55593973073825E-7, 0.00000170453837367783
2.55593973073825E-7, 0.00000170453837367783, 0.0000113674474886819
0.00000170453837367783, 0.0000113674474886819, 0.0000758087141969868

2.55593973073825E-7, 0.00000170453837367783, 0.0000113674474886819
0.00000170453837367783, 0.0000113674474886819, 0.0000758087141969868
0.0000113674474886819, 0.0000758087141969868, 0.000505563025817578

3.83260829327687E-8, 2.55593973073825E-7, 0.00000170453837367783
2.55593973073825E-7, 0.00000170453837367783, 0.0000113674474886819
0.00000170453837367783, 0.0000113674474886819, 0.0000758087141969868

2.55593973073825E-7, 0.00000170453837367783, 0.0000113674474886819
0.00000170453837367783, 0.0000113674474886819, 0.0000758087141969868
0.0000113674474886819, 0.0000758087141969868, 0.000505563025817578

0.00000170453837367783, 0.0000113674474886819, 0.0000758087141969868
0.0000113674474886819, 0.0000758087141969868, 0.000505563025817578
0.0000758087141969868, 0.000505563025817578, 0.00337156454612423

2.55593973073825E-7, 0.00000170453837367783, 0.0000113674474886819
0.00000170453837367783, 0.0000113674474886819, 0.0000758087141969868
0.0000113674474886819, 0.0000758087141969868, 0.000505563025817578

0.00000170453837367783, 0.0000113674474886819, 0.0000758087141969868
0.0000113674474886819, 0.0000758087141969868, 0.000505563025817578
0.0000758087141969868, 0.000505563025817578, 0.00337156454612423

0.0000113674474886819, 0.0000758087141969868, 0.000505563025817578
0.0000758087141969868, 0.000505563025817578, 0.00337156454612423
0.000505563025817578, 0.00337156454612423, 0.0224847287245717

3.83260829327687E-8, 2.55593973073825E-7, 0.00000170453837367783
2.55593973073825E-7, 0.00000170453837367783, 0.0000113674474886819
0.00000170453837367783, 0.0000113674474886819, 0.0000758087141969868

2.55593973073825E-7, 0.00000170453837367783, 0.0000113674474886819
0.00000170453837367783, 0.0000113674474886819, 0.0000758087141969868
0.0000113674474886819, 0.0000758087141969868, 0.000505563025817578

0.00000170453837367783, 0.0000113674474886819, 0.0000758087141969868
0.0000113674474886819, 0.0000758087141969868, 0.000505563025817578
0.0000758087141969868, 0.000505563025817578, 0.00337156454612423

2.55593973073825E-7, 0.00000170453837367783, 0.0000113674474886819
0.00000170453837367783, 0.0000113674474886819, 0.0000758087141969868
0.0000113674474886819, 0.0000758087141969868, 0.000505563025817578

0.00000170453837367783, 0.0000113674474886819, 0.0000758087141969868
0.0000113674474886819, 0.0000758087141969868, 0.000505563025817578
0.0000758087141969868, 0.000505563025817578, 0.00337156454612423

0.0000113674474886819, 0.0000758087141969868, 0.000505563025817578
0.0000758087141969868, 0.000505563025817578, 0.00337156454612423
0.000505563025817578, 0.00337156454612423, 0.0224847287245717

0.00000170453837367783, 0.0000113674474886819, 0.0000758087141969868
0.0000113674474886819, 0.0000758087141969868, 0.000505563025817578
0.0000758087141969868, 0.000505563025817578, 0.00337156454612423

0.0000113674474886819, 0.0000758087141969868, 0.000505563025817578
0.0000758087141969868, 0.000505563025817578, 0.00337156454612423
0.000505563025817578, 0.00337156454612423, 0.0224847287245717

0.0000758087141969868, 0.000505563025817578, 0.00337156454612423
0.000505563025817578, 0.00337156454612423, 0.0224847287245717
0.00337156454612423, 0.0224847287245717, 0.149949087108164

2.55593973073825E-7, 0.00000170453837367783, 0.0000113674474886819
0.00000170453837367783, 0.0000113674474886819, 0.0000758087141969868
0.0000113674474886819, 0.0000758087141969868, 0.000505563025817578

0.00000170453837367783, 0.0000113674474886819, 0.0000758087141969868
0.0000113674474886819, 0.0000758087141969868, 0.000505563025817578
0.0000758087141969868, 0.000505563025817578, 0.00337156454612423

0.0000113674474886819, 0.0000758087141969868, 0.000505563025817578
0.0000758087141969868, 0.000505563025817578, 0.00337156454612423
0.000505563025817578, 0.00337156454612423, 0.0224847287245717

0.00000170453837367783, 0.0000113674474886819, 0.0000758087141969868
0.0000113674474886819, 0.0000758087141969868, 0.000505563025817578
0.0000758087141969868, 0.000505563025817578, 0.00337156454612423

0.0000113674474886819, 0.0000758087141969868, 0.000505563025817578
0.0000758087141969868, 0.000505563025817578, 0.00337156454612423
0.000505563025817578, 0.00337156454612423, 0.0224847287245717

0.0000758087141969868, 0.000505563025817578, 0.00337156454612423
0.000505563025817578, 0.00337156454612423, 0.0224847287245717
0.00337156454612423, 0.0224847287245717, 0.149949087108164

0.0000113674474886819, 0.0000758087141969868, 0.000505563025817578
0.0000758087141969868, 0.000505563025817578, 0.00337156454612423
0.000505563025817578, 0.00337156454612423, 0.0224847287245717

0.0000758087141969868, 0.000505563025817578, 0.00337156454612423
0.000505563025817578, 0.00337156454612423, 0.0224847287245717
0.00337156454612423, 0.0224847287245717, 0.149949087108164

0.000505563025817578, 0.00337156454612423, 0.0224847287245717
0.00337156454612423, 0.0224847287245717, 0.149949087108164
0.0224847287245717, 0.149949087108164, 1.00000000000000
 