Attribute names:	P0	P1	P2	P3	P4
Minor allele frequencies:	0.100	0.100	0.100	0.100	0.100
x: 4.64227727365757e-12
y: 12.5933623056113
Prevalence: 1.60893960912596e-8
Heritability: 0.0100000000000000

Table:

4.64227727365757E-12, 6.31041569039330E-11, 8.57797667785306E-10
6.31041569039330E-11, 8.57797667785306E-10, 1.16603544831141E-8
8.57797667785306E-10, 1.16603544831141E-8, 1.58503423100829E-7

6.31041569039330E-11, 8.57797667785306E-10, 1.16603544831141E-8
8.57797667785306E-10, 1.16603544831141E-8, 1.58503423100829E-7
1.16603544831141E-8, 1.58503423100829E-7, 0.00000215459445688918

8.57797667785306E-10, 1.16603544831141E-8, 1.58503423100829E-7
1.16603544831141E-8, 1.58503423100829E-7, 0.00000215459445688918
1.58503423100829E-7, 0.00000215459445688918, 0.0000292881830741565

6.31041569039330E-11, 8.57797667785306E-10, 1.16603544831141E-8
8.57797667785306E-10, 1.16603544831141E-8, 1.58503423100829E-7
1.16603544831141E-8, 1.58503423100829E-7, 0.00000215459445688918

8.57797667785306E-10, 1.16603544831141E-8, 1.58503423100829E-7
1.16603544831141E-8, 1.58503423100829E-7, 0.00000215459445688918
1.58503423100829E-7, 0.00000215459445688918, 0.0000292881830741565

1.16603544831141E-8, 1.58503423100829E-7, 0.00000215459445688918
1.58503423100829E-7, 0.00000215459445688918, 0.0000292881830741565
0.00000215459445688918, 0.0000292881830741565, 0.000398124883800083

8.57797667785306E-10, 1.16603544831141E-8, 1.58503423100829E-7
1.16603544831141E-8, 1.58503423100829E-7, 0.00000215459445688918
1.58503423100829E-7, 0.00000215459445688918, 0.0000292881830741565

1.16603544831141E-8, 1.58503423100829E-7, 0.00000215459445688918
1.58503423100829E-7, 0.00000215459445688918, 0.0000292881830741565
0.00000215459445688918, 0.0000292881830741565, 0.000398124883800083

1.58503423100829E-7, 0.00000215459445688918, 0.0000292881830741565
0.00000215459445688918, 0.0000292881830741565, 0.000398124883800083
0.0000292881830741565, 0.000398124883800083, 0.00541185578837394

6.31041569039330E-11, 8.57797667785306E-10, 1.16603544831141E-8
8.57797667785306E-10, 1.16603544831141E-8, 1.58503423100829E-7
1.16603544831141E-8, 1.58503423100829E-7, 0.00000215459445688918

8.57797667785306E-10, 1.16603544831141E-8, 1.58503423100829E-7
1.16603544831141E-8, 1.58503423100829E-7, 0.00000215459445688918
1.58503423100829E-7, 0.00000215459445688918, 0.0000292881830741565

1.16603544831141E-8, 1.58503423100829E-7, 0.00000215459445688918
1.58503423100829E-7, 0.00000215459445688918, 0.0000292881830741565
0.00000215459445688918, 0.0000292881830741565, 0.000398124883800083

8.57797667785306E-10, 1.16603544831141E-8, 1.58503423100829E-7
1.16603544831141E-8, 1.58503423100829E-7, 0.00000215459445688918
1.58503423100829E-7, 0.00000215459445688918, 0.0000292881830741565

1.16603544831141E-8, 1.58503423100829E-7, 0.00000215459445688918
1.58503423100829E-7, 0.00000215459445688918, 0.0000292881830741565
0.00000215459445688918, 0.0000292881830741565, 0.000398124883800083

1.58503423100829E-7, 0.00000215459445688918, 0.0000292881830741565
0.00000215459445688918, 0.0000292881830741565, 0.000398124883800083
0.0000292881830741565, 0.000398124883800083, 0.00541185578837394

1.16603544831141E-8, 1.58503423100829E-7, 0.00000215459445688918
1.58503423100829E-7, 0.00000215459445688918, 0.0000292881830741565
0.00000215459445688918, 0.0000292881830741565, 0.000398124883800083

1.58503423100829E-7, 0.00000215459445688918, 0.0000292881830741565
0.00000215459445688918, 0.0000292881830741565, 0.000398124883800083
0.0000292881830741565, 0.000398124883800083, 0.00541185578837394

0.00000215459445688918, 0.0000292881830741565, 0.000398124883800083
0.0000292881830741565, 0.000398124883800083, 0.00541185578837394
0.000398124883800083, 0.00541185578837394, 0.0735653164770868

8.57797667785306E-10, 1.16603544831141E-8, 1.58503423100829E-7
1.16603544831141E-8, 1.58503423100829E-7, 0.00000215459445688918
1.58503423100829E-7, 0.00000215459445688918, 0.0000292881830741565

1.16603544831141E-8, 1.58503423100829E-7, 0.00000215459445688918
1.58503423100829E-7, 0.00000215459445688918, 0.0000292881830741565
0.00000215459445688918, 0.0000292881830741565, 0.000398124883800083

1.58503423100829E-7, 0.00000215459445688918, 0.0000292881830741565
0.00000215459445688918, 0.0000292881830741565, 0.000398124883800083
0.0000292881830741565, 0.000398124883800083, 0.00541185578837394

1.16603544831141E-8, 1.58503423100829E-7, 0.00000215459445688918
1.58503423100829E-7, 0.00000215459445688918, 0.0000292881830741565
0.00000215459445688918, 0.0000292881830741565, 0.000398124883800083

1.58503423100829E-7, 0.00000215459445688918, 0.0000292881830741565
0.00000215459445688918, 0.0000292881830741565, 0.000398124883800083
0.0000292881830741565, 0.000398124883800083, 0.00541185578837394

0.00000215459445688918, 0.0000292881830741565, 0.000398124883800083
0.0000292881830741565, 0.000398124883800083, 0.00541185578837394
0.000398124883800083, 0.00541185578837394, 0.0735653164770868

1.58503423100829E-7, 0.00000215459445688918, 0.0000292881830741565
0.00000215459445688918, 0.0000292881830741565, 0.000398124883800083
0.0000292881830741565, 0.000398124883800083, 0.00541185578837394

0.00000215459445688918, 0.0000292881830741565, 0.000398124883800083
0.0000292881830741565, 0.000398124883800083, 0.00541185578837394
0.000398124883800083, 0.00541185578837394, 0.0735653164770868

0.0000292881830741565, 0.000398124883800083, 0.00541185578837394
0.000398124883800083, 0.00541185578837394, 0.0735653164770868
0.00541185578837394, 0.0735653164770868, 1.00000000000000
 