Attribute names:	P0	P1	P2	P3	P4
Minor allele frequencies:	0.050	0.050	0.050	0.050	0.050
x: 5.70432998822568e-18
y: 52.0126526357918
Prevalence: 2.08926135804319e-12
Heritability: 0.0500000000000000

Table:

5.70432998822568E-18, 3.02401664185738E-16, 1.60311143799639E-14
3.02401664185738E-16, 1.60311143799639E-14, 8.49851897989671E-13
1.60311143799639E-14, 8.49851897989671E-13, 4.50529034599948E-11

3.02401664185738E-16, 1.60311143799639E-14, 8.49851897989671E-13
1.60311143799639E-14, 8.49851897989671E-13, 4.50529034599948E-11
8.49851897989671E-13, 4.50529034599948E-11, 2.38837392135856E-9

1.60311143799639E-14, 8.49851897989671E-13, 4.50529034599948E-11
8.49851897989671E-13, 4.50529034599948E-11, 2.38837392135856E-9
4.50529034599948E-11, 2.38837392135856E-9, 1.26614037057365E-7

3.02401664185738E-16, 1.60311143799639E-14, 8.49851897989671E-13
1.60311143799639E-14, 8.49851897989671E-13, 4.50529034599948E-11
8.49851897989671E-13, 4.50529034599948E-11, 2.38837392135856E-9

1.60311143799639E-14, 8.49851897989671E-13, 4.50529034599948E-11
8.49851897989671E-13, 4.50529034599948E-11, 2.38837392135856E-9
4.50529034599948E-11, 2.38837392135856E-9, 1.26614037057365E-7

8.49851897989671E-13, 4.50529034599948E-11, 2.38837392135856E-9
4.50529034599948E-11, 2.38837392135856E-9, 1.26614037057365E-7
2.38837392135856E-9, 1.26614037057365E-7, 0.00000671214596533737

1.60311143799639E-14, 8.49851897989671E-13, 4.50529034599948E-11
8.49851897989671E-13, 4.50529034599948E-11, 2.38837392135856E-9
4.50529034599948E-11, 2.38837392135856E-9, 1.26614037057365E-7

8.49851897989671E-13, 4.50529034599948E-11, 2.38837392135856E-9
4.50529034599948E-11, 2.38837392135856E-9, 1.26614037057365E-7
2.38837392135856E-9, 1.26614037057365E-7, 0.00000671214596533737

4.50529034599948E-11, 2.38837392135856E-9, 1.26614037057365E-7
2.38837392135856E-9, 1.26614037057365E-7, 0.00000671214596533737
1.26614037057365E-7, 0.00000671214596533737, 0.000355828662501161

3.02401664185738E-16, 1.60311143799639E-14, 8.49851897989671E-13
1.60311143799639E-14, 8.49851897989671E-13, 4.50529034599948E-11
8.49851897989671E-13, 4.50529034599948E-11, 2.38837392135856E-9

1.60311143799639E-14, 8.49851897989671E-13, 4.50529034599948E-11
8.49851897989671E-13, 4.50529034599948E-11, 2.38837392135856E-9
4.50529034599948E-11, 2.38837392135856E-9, 1.26614037057365E-7

8.49851897989671E-13, 4.50529034599948E-11, 2.38837392135856E-9
4.50529034599948E-11, 2.38837392135856E-9, 1.26614037057365E-7
2.38837392135856E-9, 1.26614037057365E-7, 0.00000671214596533737

1.60311143799639E-14, 8.49851897989671E-13, 4.50529034599948E-11
8.49851897989671E-13, 4.50529034599948E-11, 2.38837392135856E-9
4.50529034599948E-11, 2.38837392135856E-9, 1.26614037057365E-7

8.49851897989671E-13, 4.50529034599948E-11, 2.38837392135856E-9
4.50529034599948E-11, 2.38837392135856E-9, 1.26614037057365E-7
2.38837392135856E-9, 1.26614037057365E-7, 0.00000671214596533737

4.50529034599948E-11, 2.38837392135856E-9, 1.26614037057365E-7
2.38837392135856E-9, 1.26614037057365E-7, 0.00000671214596533737
1.26614037057365E-7, 0.00000671214596533737, 0.000355828662501161

8.49851897989671E-13, 4.50529034599948E-11, 2.38837392135856E-9
4.50529034599948E-11, 2.38837392135856E-9, 1.26614037057365E-7
2.38837392135856E-9, 1.26614037057365E-7, 0.00000671214596533737

4.50529034599948E-11, 2.38837392135856E-9, 1.26614037057365E-7
2.38837392135856E-9, 1.26614037057365E-7, 0.00000671214596533737
1.26614037057365E-7, 0.00000671214596533737, 0.000355828662501161

2.38837392135856E-9, 1.26614037057365E-7, 0.00000671214596533737
1.26614037057365E-7, 0.00000671214596533737, 0.000355828662501161
0.00000671214596533737, 0.000355828662501161, 0.0188634212830324

1.60311143799639E-14, 8.49851897989671E-13, 4.50529034599948E-11
8.49851897989671E-13, 4.50529034599948E-11, 2.38837392135856E-9
4.50529034599948E-11, 2.38837392135856E-9, 1.26614037057365E-7

8.49851897989671E-13, 4.50529034599948E-11, 2.38837392135856E-9
4.50529034599948E-11, 2.38837392135856E-9, 1.26614037057365E-7
2.38837392135856E-9, 1.26614037057365E-7, 0.00000671214596533737

4.50529034599948E-11, 2.38837392135856E-9, 1.26614037057365E-7
2.38837392135856E-9, 1.26614037057365E-7, 0.00000671214596533737
1.26614037057365E-7, 0.00000671214596533737, 0.000355828662501161

8.49851897989671E-13, 4.50529034599948E-11, 2.38837392135856E-9
4.50529034599948E-11, 2.38837392135856E-9, 1.26614037057365E-7
2.38837392135856E-9, 1.26614037057365E-7, 0.00000671214596533737

4.50529034599948E-11, 2.38837392135856E-9, 1.26614037057365E-7
2.38837392135856E-9, 1.26614037057365E-7, 0.00000671214596533737
1.26614037057365E-7, 0.00000671214596533737, 0.000355828662501161

2.38837392135856E-9, 1.26614037057365E-7, 0.00000671214596533737
1.26614037057365E-7, 0.00000671214596533737, 0.000355828662501161
0.00000671214596533737, 0.000355828662501161, 0.0188634212830324

4.50529034599948E-11, 2.38837392135856E-9, 1.26614037057365E-7
2.38837392135856E-9, 1.26614037057365E-7, 0.00000671214596533737
1.26614037057365E-7, 0.00000671214596533737, 0.000355828662501161

2.38837392135856E-9, 1.26614037057365E-7, 0.00000671214596533737
1.26614037057365E-7, 0.00000671214596533737, 0.000355828662501161
0.00000671214596533737, 0.000355828662501161, 0.0188634212830324

1.26614037057365E-7, 0.00000671214596533737, 0.000355828662501161
0.00000671214596533737, 0.000355828662501161, 0.0188634212830324
0.000355828662501161, 0.0188634212830324, 1.00000000000000
 