Attribute names:	P0	P1	P2	P3	P4
Minor allele frequencies:	0.200	0.200	0.200	0.200	0.200
x: 3.97458173295210e-7
y: 3.36587057251449
Prevalence: 6.83443791353753e-5
Heritability: 0.0100000000000000

Table:

3.97458173295210E-7, 0.00000173525094259492, 0.00000757588102620321
0.00000173525094259492, 0.00000757588102620321, 0.0000330753160331715
0.00000757588102620321, 0.0000330753160331715, 0.000144402548945840

0.00000173525094259492, 0.00000757588102620321, 0.0000330753160331715
0.00000757588102620321, 0.0000330753160331715, 0.000144402548945840
0.0000330753160331715, 0.000144402548945840, 0.000630442839038727

0.00000757588102620321, 0.0000330753160331715, 0.000144402548945840
0.0000330753160331715, 0.000144402548945840, 0.000630442839038727
0.000144402548945840, 0.000630442839038727, 0.00275243183861167

0.00000173525094259492, 0.00000757588102620321, 0.0000330753160331715
0.00000757588102620321, 0.0000330753160331715, 0.000144402548945840
0.0000330753160331715, 0.000144402548945840, 0.000630442839038727

0.00000757588102620321, 0.0000330753160331715, 0.000144402548945840
0.0000330753160331715, 0.000144402548945840, 0.000630442839038727
0.000144402548945840, 0.000630442839038727, 0.00275243183861167

0.0000330753160331715, 0.000144402548945840, 0.000630442839038727
0.000144402548945840, 0.000630442839038727, 0.00275243183861167
0.000630442839038727, 0.00275243183861167, 0.0120167611670466

0.00000757588102620321, 0.0000330753160331715, 0.000144402548945840
0.0000330753160331715, 0.000144402548945840, 0.000630442839038727
0.000144402548945840, 0.000630442839038727, 0.00275243183861167

0.0000330753160331715, 0.000144402548945840, 0.000630442839038727
0.000144402548945840, 0.000630442839038727, 0.00275243183861167
0.000630442839038727, 0.00275243183861167, 0.0120167611670466

0.000144402548945840, 0.000630442839038727, 0.00275243183861167
0.000630442839038727, 0.00275243183861167, 0.0120167611670466
0.00275243183861167, 0.0120167611670466, 0.0524636239561438

0.00000173525094259492, 0.00000757588102620321, 0.0000330753160331715
0.00000757588102620321, 0.0000330753160331715, 0.000144402548945840
0.0000330753160331715, 0.000144402548945840, 0.000630442839038727

0.00000757588102620321, 0.0000330753160331715, 0.000144402548945840
0.0000330753160331715, 0.000144402548945840, 0.000630442839038727
0.000144402548945840, 0.000630442839038727, 0.00275243183861167

0.0000330753160331715, 0.000144402548945840, 0.000630442839038727
0.000144402548945840, 0.000630442839038727, 0.00275243183861167
0.000630442839038727, 0.00275243183861167, 0.0120167611670466

0.00000757588102620321, 0.0000330753160331715, 0.000144402548945840
0.0000330753160331715, 0.000144402548945840, 0.000630442839038727
0.000144402548945840, 0.000630442839038727, 0.00275243183861167

0.0000330753160331715, 0.000144402548945840, 0.000630442839038727
0.000144402548945840, 0.000630442839038727, 0.00275243183861167
0.000630442839038727, 0.00275243183861167, 0.0120167611670466

0.000144402548945840, 0.000630442839038727, 0.00275243183861167
0.000630442839038727, 0.00275243183861167, 0.0120167611670466
0.00275243183861167, 0.0120167611670466, 0.0524636239561438

0.0000330753160331715, 0.000144402548945840, 0.000630442839038727
0.000144402548945840, 0.000630442839038727, 0.00275243183861167
0.000630442839038727, 0.00275243183861167, 0.0120167611670466

0.000144402548945840, 0.000630442839038727, 0.00275243183861167
0.000630442839038727, 0.00275243183861167, 0.0120167611670466
0.00275243183861167, 0.0120167611670466, 0.0524636239561438

0.000630442839038727, 0.00275243183861167, 0.0120167611670466
0.00275243183861167, 0.0120167611670466, 0.0524636239561438
0.0120167611670466, 0.0524636239561438, 0.229049391957595

0.00000757588102620321, 0.0000330753160331715, 0.000144402548945840
0.0000330753160331715, 0.000144402548945840, 0.000630442839038727
0.000144402548945840, 0.000630442839038727, 0.00275243183861167

0.0000330753160331715, 0.000144402548945840, 0.000630442839038727
0.000144402548945840, 0.000630442839038727, 0.00275243183861167
0.000630442839038727, 0.00275243183861167, 0.0120167611670466

0.000144402548945840, 0.000630442839038727, 0.00275243183861167
0.000630442839038727, 0.00275243183861167, 0.0120167611670466
0.00275243183861167, 0.0120167611670466, 0.0524636239561438

0.0000330753160331715, 0.000144402548945840, 0.000630442839038727
0.000144402548945840, 0.000630442839038727, 0.00275243183861167
0.000630442839038727, 0.00275243183861167, 0.0120167611670466

0.000144402548945840, 0.000630442839038727, 0.00275243183861167
0.000630442839038727, 0.00275243183861167, 0.0120167611670466
0.00275243183861167, 0.0120167611670466, 0.0524636239561438

0.000630442839038727, 0.00275243183861167, 0.0120167611670466
0.00275243183861167, 0.0120167611670466, 0.0524636239561438
0.0120167611670466, 0.0524636239561438, 0.229049391957595

0.000144402548945840, 0.000630442839038727, 0.00275243183861167
0.000630442839038727, 0.00275243183861167, 0.0120167611670466
0.00275243183861167, 0.0120167611670466, 0.0524636239561438

0.000630442839038727, 0.00275243183861167, 0.0120167611670466
0.00275243183861167, 0.0120167611670466, 0.0524636239561438
0.0120167611670466, 0.0524636239561438, 0.229049391957595

0.00275243183861167, 0.0120167611670466, 0.0524636239561438
0.0120167611670466, 0.0524636239561438, 0.229049391957595
0.0524636239561438, 0.229049391957595, 1.00000000000000
 