Attribute names:	P0	P1	P2	P3	P4
Minor allele frequencies:	0.100	0.100	0.100	0.100	0.100
x: 2.13824883166705e-20
y: 91.6817393711439
Prevalence: 2.52631738120491e-10
Heritability: 0.400000000000000

Table:

2.13824883166705E-20, 1.98176620927219E-18, 1.83673539302305E-16
1.98176620927219E-18, 1.83673539302305E-16, 1.70231830989918E-14
1.83673539302305E-16, 1.70231830989918E-14, 1.57773821924802E-12

1.98176620927219E-18, 1.83673539302305E-16, 1.70231830989918E-14
1.83673539302305E-16, 1.70231830989918E-14, 1.57773821924802E-12
1.70231830989918E-14, 1.57773821924802E-12, 1.46227522432237E-10

1.83673539302305E-16, 1.70231830989918E-14, 1.57773821924802E-12
1.70231830989918E-14, 1.57773821924802E-12, 1.46227522432237E-10
1.57773821924802E-12, 1.46227522432237E-10, 1.35526211229527E-8

1.98176620927219E-18, 1.83673539302305E-16, 1.70231830989918E-14
1.83673539302305E-16, 1.70231830989918E-14, 1.57773821924802E-12
1.70231830989918E-14, 1.57773821924802E-12, 1.46227522432237E-10

1.83673539302305E-16, 1.70231830989918E-14, 1.57773821924802E-12
1.70231830989918E-14, 1.57773821924802E-12, 1.46227522432237E-10
1.57773821924802E-12, 1.46227522432237E-10, 1.35526211229527E-8

1.70231830989918E-14, 1.57773821924802E-12, 1.46227522432237E-10
1.57773821924802E-12, 1.46227522432237E-10, 1.35526211229527E-8
1.46227522432237E-10, 1.35526211229527E-8, 0.00000125608049871337

1.83673539302305E-16, 1.70231830989918E-14, 1.57773821924802E-12
1.70231830989918E-14, 1.57773821924802E-12, 1.46227522432237E-10
1.57773821924802E-12, 1.46227522432237E-10, 1.35526211229527E-8

1.70231830989918E-14, 1.57773821924802E-12, 1.46227522432237E-10
1.57773821924802E-12, 1.46227522432237E-10, 1.35526211229527E-8
1.46227522432237E-10, 1.35526211229527E-8, 0.00000125608049871337

1.57773821924802E-12, 1.46227522432237E-10, 1.35526211229527E-8
1.46227522432237E-10, 1.35526211229527E-8, 0.00000125608049871337
1.35526211229527E-8, 0.00000125608049871337, 0.000116415725410929

1.98176620927219E-18, 1.83673539302305E-16, 1.70231830989918E-14
1.83673539302305E-16, 1.70231830989918E-14, 1.57773821924802E-12
1.70231830989918E-14, 1.57773821924802E-12, 1.46227522432237E-10

1.83673539302305E-16, 1.70231830989918E-14, 1.57773821924802E-12
1.70231830989918E-14, 1.57773821924802E-12, 1.46227522432237E-10
1.57773821924802E-12, 1.46227522432237E-10, 1.35526211229527E-8

1.70231830989918E-14, 1.57773821924802E-12, 1.46227522432237E-10
1.57773821924802E-12, 1.46227522432237E-10, 1.35526211229527E-8
1.46227522432237E-10, 1.35526211229527E-8, 0.00000125608049871337

1.83673539302305E-16, 1.70231830989918E-14, 1.57773821924802E-12
1.70231830989918E-14, 1.57773821924802E-12, 1.46227522432237E-10
1.57773821924802E-12, 1.46227522432237E-10, 1.35526211229527E-8

1.70231830989918E-14, 1.57773821924802E-12, 1.46227522432237E-10
1.57773821924802E-12, 1.46227522432237E-10, 1.35526211229527E-8
1.46227522432237E-10, 1.35526211229527E-8, 0.00000125608049871337

1.57773821924802E-12, 1.46227522432237E-10, 1.35526211229527E-8
1.46227522432237E-10, 1.35526211229527E-8, 0.00000125608049871337
1.35526211229527E-8, 0.00000125608049871337, 0.000116415725410929

1.70231830989918E-14, 1.57773821924802E-12, 1.46227522432237E-10
1.57773821924802E-12, 1.46227522432237E-10, 1.35526211229527E-8
1.46227522432237E-10, 1.35526211229527E-8, 0.00000125608049871337

1.57773821924802E-12, 1.46227522432237E-10, 1.35526211229527E-8
1.46227522432237E-10, 1.35526211229527E-8, 0.00000125608049871337
1.35526211229527E-8, 0.00000125608049871337, 0.000116415725410929

1.46227522432237E-10, 1.35526211229527E-8, 0.00000125608049871337
1.35526211229527E-8, 0.00000125608049871337, 0.000116415725410929
0.00000125608049871337, 0.000116415725410929, 0.0107896119212383

1.83673539302305E-16, 1.70231830989918E-14, 1.57773821924802E-12
1.70231830989918E-14, 1.57773821924802E-12, 1.46227522432237E-10
1.57773821924802E-12, 1.46227522432237E-10, 1.35526211229527E-8

1.70231830989918E-14, 1.57773821924802E-12, 1.46227522432237E-10
1.57773821924802E-12, 1.46227522432237E-10, 1.35526211229527E-8
1.46227522432237E-10, 1.35526211229527E-8, 0.00000125608049871337

1.57773821924802E-12, 1.46227522432237E-10, 1.35526211229527E-8
1.46227522432237E-10, 1.35526211229527E-8, 0.00000125608049871337
1.35526211229527E-8, 0.00000125608049871337, 0.000116415725410929

1.70231830989918E-14, 1.57773821924802E-12, 1.46227522432237E-10
1.57773821924802E-12, 1.46227522432237E-10, 1.35526211229527E-8
1.46227522432237E-10, 1.35526211229527E-8, 0.00000125608049871337

1.57773821924802E-12, 1.46227522432237E-10, 1.35526211229527E-8
1.46227522432237E-10, 1.35526211229527E-8, 0.00000125608049871337
1.35526211229527E-8, 0.00000125608049871337, 0.000116415725410929

1.46227522432237E-10, 1.35526211229527E-8, 0.00000125608049871337
1.35526211229527E-8, 0.00000125608049871337, 0.000116415725410929
0.00000125608049871337, 0.000116415725410929, 0.0107896119212383

1.57773821924802E-12, 1.46227522432237E-10, 1.35526211229527E-8
1.46227522432237E-10, 1.35526211229527E-8, 0.00000125608049871337
1.35526211229527E-8, 0.00000125608049871337, 0.000116415725410929

1.46227522432237E-10, 1.35526211229527E-8, 0.00000125608049871337
1.35526211229527E-8, 0.00000125608049871337, 0.000116415725410929
0.00000125608049871337, 0.000116415725410929, 0.0107896119212383

1.35526211229527E-8, 0.00000125608049871337, 0.000116415725410929
0.00000125608049871337, 0.000116415725410929, 0.0107896119212383
0.000116415725410929, 0.0107896119212383, 1.00000000000000
 