Attribute names:	P0	P1	P2	P3	P4	P5
Minor allele frequencies:	0.500	0.500	0.500	0.500	0.500	0.500
x: 0.168488232284002
y: 0.159985433225811
Prevalence: 0.424247697177055
Heritability: 0.0500000000000000

Table:

0.168488232284002, 0.195443895119410, 0.226712071351429
0.195443895119410, 0.226712071351429, 0.262982700304108
0.226712071351429, 0.262982700304108, 0.305056101543154

0.195443895119410, 0.226712071351429, 0.262982700304108
0.226712071351429, 0.262982700304108, 0.305056101543154
0.262982700304108, 0.305056101543154, 0.353860634106713

0.226712071351429, 0.262982700304108, 0.305056101543154
0.262982700304108, 0.305056101543154, 0.353860634106713
0.305056101543154, 0.353860634106713, 0.410473180955836

0.195443895119410, 0.226712071351429, 0.262982700304108
0.226712071351429, 0.262982700304108, 0.305056101543154
0.262982700304108, 0.305056101543154, 0.353860634106713

0.226712071351429, 0.262982700304108, 0.305056101543154
0.262982700304108, 0.305056101543154, 0.353860634106713
0.305056101543154, 0.353860634106713, 0.410473180955836

0.262982700304108, 0.305056101543154, 0.353860634106713
0.305056101543154, 0.353860634106713, 0.410473180955836
0.353860634106713, 0.410473180955836, 0.476142910638632

0.226712071351429, 0.262982700304108, 0.305056101543154
0.262982700304108, 0.305056101543154, 0.353860634106713
0.305056101543154, 0.353860634106713, 0.410473180955836

0.262982700304108, 0.305056101543154, 0.353860634106713
0.305056101543154, 0.353860634106713, 0.410473180955836
0.353860634106713, 0.410473180955836, 0.476142910638632

0.305056101543154, 0.353860634106713, 0.410473180955836
0.353860634106713, 0.410473180955836, 0.476142910638632
0.410473180955836, 0.476142910638632, 0.552318840474553

0.195443895119410, 0.226712071351429, 0.262982700304108
0.226712071351429, 0.262982700304108, 0.305056101543154
0.262982700304108, 0.305056101543154, 0.353860634106713

0.226712071351429, 0.262982700304108, 0.305056101543154
0.262982700304108, 0.305056101543154, 0.353860634106713
0.305056101543154, 0.353860634106713, 0.410473180955836

0.262982700304108, 0.305056101543154, 0.353860634106713
0.305056101543154, 0.353860634106713, 0.410473180955836
0.353860634106713, 0.410473180955836, 0.476142910638632

0.226712071351429, 0.262982700304108, 0.305056101543154
0.262982700304108, 0.305056101543154, 0.353860634106713
0.305056101543154, 0.353860634106713, 0.410473180955836

0.262982700304108, 0.305056101543154, 0.353860634106713
0.305056101543154, 0.353860634106713, 0.410473180955836
0.353860634106713, 0.410473180955836, 0.476142910638632

0.305056101543154, 0.353860634106713, 0.410473180955836
0.353860634106713, 0.410473180955836, 0.476142910638632
0.410473180955836, 0.476142910638632, 0.552318840474553

0.262982700304108, 0.305056101543154, 0.353860634106713
0.305056101543154, 0.353860634106713, 0.410473180955836
0.353860634106713, 0.410473180955836, 0.476142910638632

0.305056101543154, 0.353860634106713, 0.410473180955836
0.353860634106713, 0.410473180955836, 0.476142910638632
0.410473180955836, 0.476142910638632, 0.552318840474553

0.353860634106713, 0.410473180955836, 0.476142910638632
0.410473180955836, 0.476142910638632, 0.552318840474553
0.476142910638632, 0.552318840474553, 0.640681809446652

0.226712071351429, 0.262982700304108, 0.305056101543154
0.262982700304108, 0.305056101543154, 0.353860634106713
0.305056101543154, 0.353860634106713, 0.410473180955836

0.262982700304108, 0.305056101543154, 0.353860634106713
0.305056101543154, 0.353860634106713, 0.410473180955836
0.353860634106713, 0.410473180955836, 0.476142910638632

0.305056101543154, 0.353860634106713, 0.410473180955836
0.353860634106713, 0.410473180955836, 0.476142910638632
0.410473180955836, 0.476142910638632, 0.552318840474553

0.262982700304108, 0.305056101543154, 0.353860634106713
0.305056101543154, 0.353860634106713, 0.410473180955836
0.353860634106713, 0.410473180955836, 0.476142910638632

0.305056101543154, 0.353860634106713, 0.410473180955836
0.353860634106713, 0.410473180955836, 0.476142910638632
0.410473180955836, 0.476142910638632, 0.552318840474553

0.353860634106713, 0.410473180955836, 0.476142910638632
0.410473180955836, 0.476142910638632, 0.552318840474553
0.476142910638632, 0.552318840474553, 0.640681809446652

0.305056101543154, 0.353860634106713, 0.410473180955836
0.353860634106713, 0.410473180955836, 0.476142910638632
0.410473180955836, 0.476142910638632, 0.552318840474553

0.353860634106713, 0.410473180955836, 0.476142910638632
0.410473180955836, 0.476142910638632, 0.552318840474553
0.476142910638632, 0.552318840474553, 0.640681809446652

0.410473180955836, 0.476142910638632, 0.552318840474553
0.476142910638632, 0.552318840474553, 0.640681809446652
0.552318840474553, 0.640681809446652, 0.743181566290871

0.195443895119410, 0.226712071351429, 0.262982700304108
0.226712071351429, 0.262982700304108, 0.305056101543154
0.262982700304108, 0.305056101543154, 0.353860634106713

0.226712071351429, 0.262982700304108, 0.305056101543154
0.262982700304108, 0.305056101543154, 0.353860634106713
0.305056101543154, 0.353860634106713, 0.410473180955836

0.262982700304108, 0.305056101543154, 0.353860634106713
0.305056101543154, 0.353860634106713, 0.410473180955836
0.353860634106713, 0.410473180955836, 0.476142910638632

0.226712071351429, 0.262982700304108, 0.305056101543154
0.262982700304108, 0.305056101543154, 0.353860634106713
0.305056101543154, 0.353860634106713, 0.410473180955836

0.262982700304108, 0.305056101543154, 0.353860634106713
0.305056101543154, 0.353860634106713, 0.410473180955836
0.353860634106713, 0.410473180955836, 0.476142910638632

0.305056101543154, 0.353860634106713, 0.410473180955836
0.353860634106713, 0.410473180955836, 0.476142910638632
0.410473180955836, 0.476142910638632, 0.552318840474553

0.262982700304108, 0.305056101543154, 0.353860634106713
0.305056101543154, 0.353860634106713, 0.410473180955836
0.353860634106713, 0.410473180955836, 0.476142910638632

0.305056101543154, 0.353860634106713, 0.410473180955836
0.353860634106713, 0.410473180955836, 0.476142910638632
0.410473180955836, 0.476142910638632, 0.552318840474553

0.353860634106713, 0.410473180955836, 0.476142910638632
0.410473180955836, 0.476142910638632, 0.552318840474553
0.476142910638632, 0.552318840474553, 0.640681809446652

0.226712071351429, 0.262982700304108, 0.305056101543154
0.262982700304108, 0.305056101543154, 0.353860634106713
0.305056101543154, 0.353860634106713, 0.410473180955836

0.262982700304108, 0.305056101543154, 0.353860634106713
0.305056101543154, 0.353860634106713, 0.410473180955836
0.353860634106713, 0.410473180955836, 0.476142910638632

0.305056101543154, 0.353860634106713, 0.410473180955836
0.353860634106713, 0.410473180955836, 0.476142910638632
0.410473180955836, 0.476142910638632, 0.552318840474553

0.262982700304108, 0.305056101543154, 0.353860634106713
0.305056101543154, 0.353860634106713, 0.410473180955836
0.353860634106713, 0.410473180955836, 0.476142910638632

0.305056101543154, 0.353860634106713, 0.410473180955836
0.353860634106713, 0.410473180955836, 0.476142910638632
0.410473180955836, 0.476142910638632, 0.552318840474553

0.353860634106713, 0.410473180955836, 0.476142910638632
0.410473180955836, 0.476142910638632, 0.552318840474553
0.476142910638632, 0.552318840474553, 0.640681809446652

0.305056101543154, 0.353860634106713, 0.410473180955836
0.353860634106713, 0.410473180955836, 0.476142910638632
0.410473180955836, 0.476142910638632, 0.552318840474553

0.353860634106713, 0.410473180955836, 0.476142910638632
0.410473180955836, 0.476142910638632, 0.552318840474553
0.476142910638632, 0.552318840474553, 0.640681809446652

0.410473180955836, 0.476142910638632, 0.552318840474553
0.476142910638632, 0.552318840474553, 0.640681809446652
0.552318840474553, 0.640681809446652, 0.743181566290871

0.262982700304108, 0.305056101543154, 0.353860634106713
0.305056101543154, 0.353860634106713, 0.410473180955836
0.353860634106713, 0.410473180955836, 0.476142910638632

0.305056101543154, 0.353860634106713, 0.410473180955836
0.353860634106713, 0.410473180955836, 0.476142910638632
0.410473180955836, 0.476142910638632, 0.552318840474553

0.353860634106713, 0.410473180955836, 0.476142910638632
0.410473180955836, 0.476142910638632, 0.552318840474553
0.476142910638632, 0.552318840474553, 0.640681809446652

0.305056101543154, 0.353860634106713, 0.410473180955836
0.353860634106713, 0.410473180955836, 0.476142910638632
0.410473180955836, 0.476142910638632, 0.552318840474553

0.353860634106713, 0.410473180955836, 0.476142910638632
0.410473180955836, 0.476142910638632, 0.552318840474553
0.476142910638632, 0.552318840474553, 0.640681809446652

0.410473180955836, 0.476142910638632, 0.552318840474553
0.476142910638632, 0.552318840474553, 0.640681809446652
0.552318840474553, 0.640681809446652, 0.743181566290871

0.353860634106713, 0.410473180955836, 0.476142910638632
0.410473180955836, 0.476142910638632, 0.552318840474553
0.476142910638632, 0.552318840474553, 0.640681809446652

0.410473180955836, 0.476142910638632, 0.552318840474553
0.476142910638632, 0.552318840474553, 0.640681809446652
0.552318840474553, 0.640681809446652, 0.743181566290871

0.476142910638632, 0.552318840474553, 0.640681809446652
0.552318840474553, 0.640681809446652, 0.743181566290871
0.640681809446652, 0.743181566290871, 0.862079791139353

0.226712071351429, 0.262982700304108, 0.305056101543154
0.262982700304108, 0.305056101543154, 0.353860634106713
0.305056101543154, 0.353860634106713, 0.410473180955836

0.262982700304108, 0.305056101543154, 0.353860634106713
0.305056101543154, 0.353860634106713, 0.410473180955836
0.353860634106713, 0.410473180955836, 0.476142910638632

0.305056101543154, 0.353860634106713, 0.410473180955836
0.353860634106713, 0.410473180955836, 0.476142910638632
0.410473180955836, 0.476142910638632, 0.552318840474553

0.262982700304108, 0.305056101543154, 0.353860634106713
0.305056101543154, 0.353860634106713, 0.410473180955836
0.353860634106713, 0.410473180955836, 0.476142910638632

0.305056101543154, 0.353860634106713, 0.410473180955836
0.353860634106713, 0.410473180955836, 0.476142910638632
0.410473180955836, 0.476142910638632, 0.552318840474553

0.353860634106713, 0.410473180955836, 0.476142910638632
0.410473180955836, 0.476142910638632, 0.552318840474553
0.476142910638632, 0.552318840474553, 0.640681809446652

0.305056101543154, 0.353860634106713, 0.410473180955836
0.353860634106713, 0.410473180955836, 0.476142910638632
0.410473180955836, 0.476142910638632, 0.552318840474553

0.353860634106713, 0.410473180955836, 0.476142910638632
0.410473180955836, 0.476142910638632, 0.552318840474553
0.476142910638632, 0.552318840474553, 0.640681809446652

0.410473180955836, 0.476142910638632, 0.552318840474553
0.476142910638632, 0.552318840474553, 0.640681809446652
0.552318840474553, 0.640681809446652, 0.743181566290871

0.262982700304108, 0.305056101543154, 0.353860634106713
0.305056101543154, 0.353860634106713, 0.410473180955836
0.353860634106713, 0.410473180955836, 0.476142910638632

0.305056101543154, 0.353860634106713, 0.410473180955836
0.353860634106713, 0.410473180955836, 0.476142910638632
0.410473180955836, 0.476142910638632, 0.552318840474553

0.353860634106713, 0.410473180955836, 0.476142910638632
0.410473180955836, 0.476142910638632, 0.552318840474553
0.476142910638632, 0.552318840474553, 0.640681809446652

0.305056101543154, 0.353860634106713, 0.410473180955836
0.353860634106713, 0.410473180955836, 0.476142910638632
0.410473180955836, 0.476142910638632, 0.552318840474553

0.353860634106713, 0.410473180955836, 0.476142910638632
0.410473180955836, 0.476142910638632, 0.552318840474553
0.476142910638632, 0.552318840474553, 0.640681809446652

0.410473180955836, 0.476142910638632, 0.552318840474553
0.476142910638632, 0.552318840474553, 0.640681809446652
0.552318840474553, 0.640681809446652, 0.743181566290871

0.353860634106713, 0.410473180955836, 0.476142910638632
0.410473180955836, 0.476142910638632, 0.552318840474553
0.476142910638632, 0.552318840474553, 0.640681809446652

0.410473180955836, 0.476142910638632, 0.552318840474553
0.476142910638632, 0.552318840474553, 0.640681809446652
0.552318840474553, 0.640681809446652, 0.743181566290871

0.476142910638632, 0.552318840474553, 0.640681809446652
0.552318840474553, 0.640681809446652, 0.743181566290871
0.640681809446652, 0.743181566290871, 0.862079791139353

0.305056101543154, 0.353860634106713, 0.410473180955836
0.353860634106713, 0.410473180955836, 0.476142910638632
0.410473180955836, 0.476142910638632, 0.552318840474553

0.353860634106713, 0.410473180955836, 0.476142910638632
0.410473180955836, 0.476142910638632, 0.552318840474553
0.476142910638632, 0.552318840474553, 0.640681809446652

0.410473180955836, 0.476142910638632, 0.552318840474553
0.476142910638632, 0.552318840474553, 0.640681809446652
0.552318840474553, 0.640681809446652, 0.743181566290871

0.353860634106713, 0.410473180955836, 0.476142910638632
0.410473180955836, 0.476142910638632, 0.552318840474553
0.476142910638632, 0.552318840474553, 0.640681809446652

0.410473180955836, 0.476142910638632, 0.552318840474553
0.476142910638632, 0.552318840474553, 0.640681809446652
0.552318840474553, 0.640681809446652, 0.743181566290871

0.476142910638632, 0.552318840474553, 0.640681809446652
0.552318840474553, 0.640681809446652, 0.743181566290871
0.640681809446652, 0.743181566290871, 0.862079791139353

0.410473180955836, 0.476142910638632, 0.552318840474553
0.476142910638632, 0.552318840474553, 0.640681809446652
0.552318840474553, 0.640681809446652, 0.743181566290871

0.476142910638632, 0.552318840474553, 0.640681809446652
0.552318840474553, 0.640681809446652, 0.743181566290871
0.640681809446652, 0.743181566290871, 0.862079791139353

0.552318840474553, 0.640681809446652, 0.743181566290871
0.640681809446652, 0.743181566290871, 0.862079791139353
0.743181566290871, 0.862079791139353, 1.00000000000000
 