Attribute names:	P0	P1	P2	P3	P4
Minor allele frequencies:	0.100	0.100	0.100	0.100	0.100
x: 9.57260966698222e-18
y: 49.3381168966454
Prevalence: 5.18045551234156e-10
Heritability: 0.200000000000000

Table:

9.57260966698222E-18, 4.81867144422509E-16, 2.42562846445929E-14
4.81867144422509E-16, 2.42562846445929E-14, 1.22101569191782E-12
2.42562846445929E-14, 1.22101569191782E-12, 6.14636306323977E-11

4.81867144422509E-16, 2.42562846445929E-14, 1.22101569191782E-12
2.42562846445929E-14, 1.22101569191782E-12, 6.14636306323977E-11
1.22101569191782E-12, 6.14636306323977E-11, 3.09396342366587E-9

2.42562846445929E-14, 1.22101569191782E-12, 6.14636306323977E-11
1.22101569191782E-12, 6.14636306323977E-11, 3.09396342366587E-9
6.14636306323977E-11, 3.09396342366587E-9, 1.55744292494438E-7

4.81867144422509E-16, 2.42562846445929E-14, 1.22101569191782E-12
2.42562846445929E-14, 1.22101569191782E-12, 6.14636306323977E-11
1.22101569191782E-12, 6.14636306323977E-11, 3.09396342366587E-9

2.42562846445929E-14, 1.22101569191782E-12, 6.14636306323977E-11
1.22101569191782E-12, 6.14636306323977E-11, 3.09396342366587E-9
6.14636306323977E-11, 3.09396342366587E-9, 1.55744292494438E-7

1.22101569191782E-12, 6.14636306323977E-11, 3.09396342366587E-9
6.14636306323977E-11, 3.09396342366587E-9, 1.55744292494438E-7
3.09396342366587E-9, 1.55744292494438E-7, 0.00000783987440157033

2.42562846445929E-14, 1.22101569191782E-12, 6.14636306323977E-11
1.22101569191782E-12, 6.14636306323977E-11, 3.09396342366587E-9
6.14636306323977E-11, 3.09396342366587E-9, 1.55744292494438E-7

1.22101569191782E-12, 6.14636306323977E-11, 3.09396342366587E-9
6.14636306323977E-11, 3.09396342366587E-9, 1.55744292494438E-7
3.09396342366587E-9, 1.55744292494438E-7, 0.00000783987440157033

6.14636306323977E-11, 3.09396342366587E-9, 1.55744292494438E-7
3.09396342366587E-9, 1.55744292494438E-7, 0.00000783987440157033
1.55744292494438E-7, 0.00000783987440157033, 0.000394644514081265

4.81867144422509E-16, 2.42562846445929E-14, 1.22101569191782E-12
2.42562846445929E-14, 1.22101569191782E-12, 6.14636306323977E-11
1.22101569191782E-12, 6.14636306323977E-11, 3.09396342366587E-9

2.42562846445929E-14, 1.22101569191782E-12, 6.14636306323977E-11
1.22101569191782E-12, 6.14636306323977E-11, 3.09396342366587E-9
6.14636306323977E-11, 3.09396342366587E-9, 1.55744292494438E-7

1.22101569191782E-12, 6.14636306323977E-11, 3.09396342366587E-9
6.14636306323977E-11, 3.09396342366587E-9, 1.55744292494438E-7
3.09396342366587E-9, 1.55744292494438E-7, 0.00000783987440157033

2.42562846445929E-14, 1.22101569191782E-12, 6.14636306323977E-11
1.22101569191782E-12, 6.14636306323977E-11, 3.09396342366587E-9
6.14636306323977E-11, 3.09396342366587E-9, 1.55744292494438E-7

1.22101569191782E-12, 6.14636306323977E-11, 3.09396342366587E-9
6.14636306323977E-11, 3.09396342366587E-9, 1.55744292494438E-7
3.09396342366587E-9, 1.55744292494438E-7, 0.00000783987440157033

6.14636306323977E-11, 3.09396342366587E-9, 1.55744292494438E-7
3.09396342366587E-9, 1.55744292494438E-7, 0.00000783987440157033
1.55744292494438E-7, 0.00000783987440157033, 0.000394644514081265

1.22101569191782E-12, 6.14636306323977E-11, 3.09396342366587E-9
6.14636306323977E-11, 3.09396342366587E-9, 1.55744292494438E-7
3.09396342366587E-9, 1.55744292494438E-7, 0.00000783987440157033

6.14636306323977E-11, 3.09396342366587E-9, 1.55744292494438E-7
3.09396342366587E-9, 1.55744292494438E-7, 0.00000783987440157033
1.55744292494438E-7, 0.00000783987440157033, 0.000394644514081265

3.09396342366587E-9, 1.55744292494438E-7, 0.00000783987440157033
1.55744292494438E-7, 0.00000783987440157033, 0.000394644514081265
0.00000783987440157033, 0.000394644514081265, 0.0198656616824425

2.42562846445929E-14, 1.22101569191782E-12, 6.14636306323977E-11
1.22101569191782E-12, 6.14636306323977E-11, 3.09396342366587E-9
6.14636306323977E-11, 3.09396342366587E-9, 1.55744292494438E-7

1.22101569191782E-12, 6.14636306323977E-11, 3.09396342366587E-9
6.14636306323977E-11, 3.09396342366587E-9, 1.55744292494438E-7
3.09396342366587E-9, 1.55744292494438E-7, 0.00000783987440157033

6.14636306323977E-11, 3.09396342366587E-9, 1.55744292494438E-7
3.09396342366587E-9, 1.55744292494438E-7, 0.00000783987440157033
1.55744292494438E-7, 0.00000783987440157033, 0.000394644514081265

1.22101569191782E-12, 6.14636306323977E-11, 3.09396342366587E-9
6.14636306323977E-11, 3.09396342366587E-9, 1.55744292494438E-7
3.09396342366587E-9, 1.55744292494438E-7, 0.00000783987440157033

6.14636306323977E-11, 3.09396342366587E-9, 1.55744292494438E-7
3.09396342366587E-9, 1.55744292494438E-7, 0.00000783987440157033
1.55744292494438E-7, 0.00000783987440157033, 0.000394644514081265

3.09396342366587E-9, 1.55744292494438E-7, 0.00000783987440157033
1.55744292494438E-7, 0.00000783987440157033, 0.000394644514081265
0.00000783987440157033, 0.000394644514081265, 0.0198656616824425

6.14636306323977E-11, 3.09396342366587E-9, 1.55744292494438E-7
3.09396342366587E-9, 1.55744292494438E-7, 0.00000783987440157033
1.55744292494438E-7, 0.00000783987440157033, 0.000394644514081265

3.09396342366587E-9, 1.55744292494438E-7, 0.00000783987440157033
1.55744292494438E-7, 0.00000783987440157033, 0.000394644514081265
0.00000783987440157033, 0.000394644514081265, 0.0198656616824425

1.55744292494438E-7, 0.00000783987440157033, 0.000394644514081265
0.00000783987440157033, 0.000394644514081265, 0.0198656616824425
0.000394644514081265, 0.0198656616824425, 1.00000000000000
 