Attribute names:	P0	P1	P2	P3	P4	P5
Minor allele frequencies:	0.100	0.100	0.100	0.100	0.100	0.100
x: 1.10309214703508e-15
y: 16.6379869630937
Prevalence: 1.40808417382638e-10
Heritability: 0.0100000000000000

Table:

1.10309214703508E-15, 1.94563249084958E-14, 3.43170405085764E-13
1.94563249084958E-14, 3.43170405085764E-13, 6.05283513102228E-12
3.43170405085764E-13, 6.05283513102228E-12, 1.06759827130727E-10

1.94563249084958E-14, 3.43170405085764E-13, 6.05283513102228E-12
3.43170405085764E-13, 6.05283513102228E-12, 1.06759827130727E-10
6.05283513102228E-12, 1.06759827130727E-10, 1.88302843911389E-9

3.43170405085764E-13, 6.05283513102228E-12, 1.06759827130727E-10
6.05283513102228E-12, 1.06759827130727E-10, 1.88302843911389E-9
1.06759827130727E-10, 1.88302843911389E-9, 3.32128310602255E-8

1.94563249084958E-14, 3.43170405085764E-13, 6.05283513102228E-12
3.43170405085764E-13, 6.05283513102228E-12, 1.06759827130727E-10
6.05283513102228E-12, 1.06759827130727E-10, 1.88302843911389E-9

3.43170405085764E-13, 6.05283513102228E-12, 1.06759827130727E-10
6.05283513102228E-12, 1.06759827130727E-10, 1.88302843911389E-9
1.06759827130727E-10, 1.88302843911389E-9, 3.32128310602255E-8

6.05283513102228E-12, 1.06759827130727E-10, 1.88302843911389E-9
1.06759827130727E-10, 1.88302843911389E-9, 3.32128310602255E-8
1.88302843911389E-9, 3.32128310602255E-8, 5.85807481247691E-7

3.43170405085764E-13, 6.05283513102228E-12, 1.06759827130727E-10
6.05283513102228E-12, 1.06759827130727E-10, 1.88302843911389E-9
1.06759827130727E-10, 1.88302843911389E-9, 3.32128310602255E-8

6.05283513102228E-12, 1.06759827130727E-10, 1.88302843911389E-9
1.06759827130727E-10, 1.88302843911389E-9, 3.32128310602255E-8
1.88302843911389E-9, 3.32128310602255E-8, 5.85807481247691E-7

1.06759827130727E-10, 1.88302843911389E-9, 3.32128310602255E-8
1.88302843911389E-9, 3.32128310602255E-8, 5.85807481247691E-7
3.32128310602255E-8, 5.85807481247691E-7, 0.0000103324647171295

1.94563249084958E-14, 3.43170405085764E-13, 6.05283513102228E-12
3.43170405085764E-13, 6.05283513102228E-12, 1.06759827130727E-10
6.05283513102228E-12, 1.06759827130727E-10, 1.88302843911389E-9

3.43170405085764E-13, 6.05283513102228E-12, 1.06759827130727E-10
6.05283513102228E-12, 1.06759827130727E-10, 1.88302843911389E-9
1.06759827130727E-10, 1.88302843911389E-9, 3.32128310602255E-8

6.05283513102228E-12, 1.06759827130727E-10, 1.88302843911389E-9
1.06759827130727E-10, 1.88302843911389E-9, 3.32128310602255E-8
1.88302843911389E-9, 3.32128310602255E-8, 5.85807481247691E-7

3.43170405085764E-13, 6.05283513102228E-12, 1.06759827130727E-10
6.05283513102228E-12, 1.06759827130727E-10, 1.88302843911389E-9
1.06759827130727E-10, 1.88302843911389E-9, 3.32128310602255E-8

6.05283513102228E-12, 1.06759827130727E-10, 1.88302843911389E-9
1.06759827130727E-10, 1.88302843911389E-9, 3.32128310602255E-8
1.88302843911389E-9, 3.32128310602255E-8, 5.85807481247691E-7

1.06759827130727E-10, 1.88302843911389E-9, 3.32128310602255E-8
1.88302843911389E-9, 3.32128310602255E-8, 5.85807481247691E-7
3.32128310602255E-8, 5.85807481247691E-7, 0.0000103324647171295

6.05283513102228E-12, 1.06759827130727E-10, 1.88302843911389E-9
1.06759827130727E-10, 1.88302843911389E-9, 3.32128310602255E-8
1.88302843911389E-9, 3.32128310602255E-8, 5.85807481247691E-7

1.06759827130727E-10, 1.88302843911389E-9, 3.32128310602255E-8
1.88302843911389E-9, 3.32128310602255E-8, 5.85807481247691E-7
3.32128310602255E-8, 5.85807481247691E-7, 0.0000103324647171295

1.88302843911389E-9, 3.32128310602255E-8, 5.85807481247691E-7
3.32128310602255E-8, 5.85807481247691E-7, 0.0000103324647171295
5.85807481247691E-7, 0.0000103324647171295, 0.000182243877977356

3.43170405085764E-13, 6.05283513102228E-12, 1.06759827130727E-10
6.05283513102228E-12, 1.06759827130727E-10, 1.88302843911389E-9
1.06759827130727E-10, 1.88302843911389E-9, 3.32128310602255E-8

6.05283513102228E-12, 1.06759827130727E-10, 1.88302843911389E-9
1.06759827130727E-10, 1.88302843911389E-9, 3.32128310602255E-8
1.88302843911389E-9, 3.32128310602255E-8, 5.85807481247691E-7

1.06759827130727E-10, 1.88302843911389E-9, 3.32128310602255E-8
1.88302843911389E-9, 3.32128310602255E-8, 5.85807481247691E-7
3.32128310602255E-8, 5.85807481247691E-7, 0.0000103324647171295

6.05283513102228E-12, 1.06759827130727E-10, 1.88302843911389E-9
1.06759827130727E-10, 1.88302843911389E-9, 3.32128310602255E-8
1.88302843911389E-9, 3.32128310602255E-8, 5.85807481247691E-7

1.06759827130727E-10, 1.88302843911389E-9, 3.32128310602255E-8
1.88302843911389E-9, 3.32128310602255E-8, 5.85807481247691E-7
3.32128310602255E-8, 5.85807481247691E-7, 0.0000103324647171295

1.88302843911389E-9, 3.32128310602255E-8, 5.85807481247691E-7
3.32128310602255E-8, 5.85807481247691E-7, 0.0000103324647171295
5.85807481247691E-7, 0.0000103324647171295, 0.000182243877977356

1.06759827130727E-10, 1.88302843911389E-9, 3.32128310602255E-8
1.88302843911389E-9, 3.32128310602255E-8, 5.85807481247691E-7
3.32128310602255E-8, 5.85807481247691E-7, 0.0000103324647171295

1.88302843911389E-9, 3.32128310602255E-8, 5.85807481247691E-7
3.32128310602255E-8, 5.85807481247691E-7, 0.0000103324647171295
5.85807481247691E-7, 0.0000103324647171295, 0.000182243877977356

3.32128310602255E-8, 5.85807481247691E-7, 0.0000103324647171295
5.85807481247691E-7, 0.0000103324647171295, 0.000182243877977356
0.0000103324647171295, 0.000182243877977356, 0.00321441514386825

1.94563249084958E-14, 3.43170405085764E-13, 6.05283513102228E-12
3.43170405085764E-13, 6.05283513102228E-12, 1.06759827130727E-10
6.05283513102228E-12, 1.06759827130727E-10, 1.88302843911389E-9

3.43170405085764E-13, 6.05283513102228E-12, 1.06759827130727E-10
6.05283513102228E-12, 1.06759827130727E-10, 1.88302843911389E-9
1.06759827130727E-10, 1.88302843911389E-9, 3.32128310602255E-8

6.05283513102228E-12, 1.06759827130727E-10, 1.88302843911389E-9
1.06759827130727E-10, 1.88302843911389E-9, 3.32128310602255E-8
1.88302843911389E-9, 3.32128310602255E-8, 5.85807481247691E-7

3.43170405085764E-13, 6.05283513102228E-12, 1.06759827130727E-10
6.05283513102228E-12, 1.06759827130727E-10, 1.88302843911389E-9
1.06759827130727E-10, 1.88302843911389E-9, 3.32128310602255E-8

6.05283513102228E-12, 1.06759827130727E-10, 1.88302843911389E-9
1.06759827130727E-10, 1.88302843911389E-9, 3.32128310602255E-8
1.88302843911389E-9, 3.32128310602255E-8, 5.85807481247691E-7

1.06759827130727E-10, 1.88302843911389E-9, 3.32128310602255E-8
1.88302843911389E-9, 3.32128310602255E-8, 5.85807481247691E-7
3.32128310602255E-8, 5.85807481247691E-7, 0.0000103324647171295

6.05283513102228E-12, 1.06759827130727E-10, 1.88302843911389E-9
1.06759827130727E-10, 1.88302843911389E-9, 3.32128310602255E-8
1.88302843911389E-9, 3.32128310602255E-8, 5.85807481247691E-7

1.06759827130727E-10, 1.88302843911389E-9, 3.32128310602255E-8
1.88302843911389E-9, 3.32128310602255E-8, 5.85807481247691E-7
3.32128310602255E-8, 5.85807481247691E-7, 0.0000103324647171295

1.88302843911389E-9, 3.32128310602255E-8, 5.85807481247691E-7
3.32128310602255E-8, 5.85807481247691E-7, 0.0000103324647171295
5.85807481247691E-7, 0.0000103324647171295, 0.000182243877977356

3.43170405085764E-13, 6.05283513102228E-12, 1.06759827130727E-10
6.05283513102228E-12, 1.06759827130727E-10, 1.88302843911389E-9
1.06759827130727E-10, 1.88302843911389E-9, 3.32128310602255E-8

6.05283513102228E-12, 1.06759827130727E-10, 1.88302843911389E-9
1.06759827130727E-10, 1.88302843911389E-9, 3.32128310602255E-8
1.88302843911389E-9, 3.32128310602255E-8, 5.85807481247691E-7

1.06759827130727E-10, 1.88302843911389E-9, 3.32128310602255E-8
1.88302843911389E-9, 3.32128310602255E-8, 5.85807481247691E-7
3.32128310602255E-8, 5.85807481247691E-7, 0.0000103324647171295

6.05283513102228E-12, 1.06759827130727E-10, 1.88302843911389E-9
1.06759827130727E-10, 1.88302843911389E-9, 3.32128310602255E-8
1.88302843911389E-9, 3.32128310602255E-8, 5.85807481247691E-7

1.06759827130727E-10, 1.88302843911389E-9, 3.32128310602255E-8
1.88302843911389E-9, 3.32128310602255E-8, 5.85807481247691E-7
3.32128310602255E-8, 5.85807481247691E-7, 0.0000103324647171295

1.88302843911389E-9, 3.32128310602255E-8, 5.85807481247691E-7
3.32128310602255E-8, 5.85807481247691E-7, 0.0000103324647171295
5.85807481247691E-7, 0.0000103324647171295, 0.000182243877977356

1.06759827130727E-10, 1.88302843911389E-9, 3.32128310602255E-8
1.88302843911389E-9, 3.32128310602255E-8, 5.85807481247691E-7
3.32128310602255E-8, 5.85807481247691E-7, 0.0000103324647171295

1.88302843911389E-9, 3.32128310602255E-8, 5.85807481247691E-7
3.32128310602255E-8, 5.85807481247691E-7, 0.0000103324647171295
5.85807481247691E-7, 0.0000103324647171295, 0.000182243877977356

3.32128310602255E-8, 5.85807481247691E-7, 0.0000103324647171295
5.85807481247691E-7, 0.0000103324647171295, 0.000182243877977356
0.0000103324647171295, 0.000182243877977356, 0.00321441514386825

6.05283513102228E-12, 1.06759827130727E-10, 1.88302843911389E-9
1.06759827130727E-10, 1.88302843911389E-9, 3.32128310602255E-8
1.88302843911389E-9, 3.32128310602255E-8, 5.85807481247691E-7

1.06759827130727E-10, 1.88302843911389E-9, 3.32128310602255E-8
1.88302843911389E-9, 3.32128310602255E-8, 5.85807481247691E-7
3.32128310602255E-8, 5.85807481247691E-7, 0.0000103324647171295

1.88302843911389E-9, 3.32128310602255E-8, 5.85807481247691E-7
3.32128310602255E-8, 5.85807481247691E-7, 0.0000103324647171295
5.85807481247691E-7, 0.0000103324647171295, 0.000182243877977356

1.06759827130727E-10, 1.88302843911389E-9, 3.32128310602255E-8
1.88302843911389E-9, 3.32128310602255E-8, 5.85807481247691E-7
3.32128310602255E-8, 5.85807481247691E-7, 0.0000103324647171295

1.88302843911389E-9, 3.32128310602255E-8, 5.85807481247691E-7
3.32128310602255E-8, 5.85807481247691E-7, 0.0000103324647171295
5.85807481247691E-7, 0.0000103324647171295, 0.000182243877977356

3.32128310602255E-8, 5.85807481247691E-7, 0.0000103324647171295
5.85807481247691E-7, 0.0000103324647171295, 0.000182243877977356
0.0000103324647171295, 0.000182243877977356, 0.00321441514386825

1.88302843911389E-9, 3.32128310602255E-8, 5.85807481247691E-7
3.32128310602255E-8, 5.85807481247691E-7, 0.0000103324647171295
5.85807481247691E-7, 0.0000103324647171295, 0.000182243877977356

3.32128310602255E-8, 5.85807481247691E-7, 0.0000103324647171295
5.85807481247691E-7, 0.0000103324647171295, 0.000182243877977356
0.0000103324647171295, 0.000182243877977356, 0.00321441514386825

5.85807481247691E-7, 0.0000103324647171295, 0.000182243877977356
0.0000103324647171295, 0.000182243877977356, 0.00321441514386825
0.000182243877977356, 0.00321441514386825, 0.0566958124015191

3.43170405085764E-13, 6.05283513102228E-12, 1.06759827130727E-10
6.05283513102228E-12, 1.06759827130727E-10, 1.88302843911389E-9
1.06759827130727E-10, 1.88302843911389E-9, 3.32128310602255E-8

6.05283513102228E-12, 1.06759827130727E-10, 1.88302843911389E-9
1.06759827130727E-10, 1.88302843911389E-9, 3.32128310602255E-8
1.88302843911389E-9, 3.32128310602255E-8, 5.85807481247691E-7

1.06759827130727E-10, 1.88302843911389E-9, 3.32128310602255E-8
1.88302843911389E-9, 3.32128310602255E-8, 5.85807481247691E-7
3.32128310602255E-8, 5.85807481247691E-7, 0.0000103324647171295

6.05283513102228E-12, 1.06759827130727E-10, 1.88302843911389E-9
1.06759827130727E-10, 1.88302843911389E-9, 3.32128310602255E-8
1.88302843911389E-9, 3.32128310602255E-8, 5.85807481247691E-7

1.06759827130727E-10, 1.88302843911389E-9, 3.32128310602255E-8
1.88302843911389E-9, 3.32128310602255E-8, 5.85807481247691E-7
3.32128310602255E-8, 5.85807481247691E-7, 0.0000103324647171295

1.88302843911389E-9, 3.32128310602255E-8, 5.85807481247691E-7
3.32128310602255E-8, 5.85807481247691E-7, 0.0000103324647171295
5.85807481247691E-7, 0.0000103324647171295, 0.000182243877977356

1.06759827130727E-10, 1.88302843911389E-9, 3.32128310602255E-8
1.88302843911389E-9, 3.32128310602255E-8, 5.85807481247691E-7
3.32128310602255E-8, 5.85807481247691E-7, 0.0000103324647171295

1.88302843911389E-9, 3.32128310602255E-8, 5.85807481247691E-7
3.32128310602255E-8, 5.85807481247691E-7, 0.0000103324647171295
5.85807481247691E-7, 0.0000103324647171295, 0.000182243877977356

3.32128310602255E-8, 5.85807481247691E-7, 0.0000103324647171295
5.85807481247691E-7, 0.0000103324647171295, 0.000182243877977356
0.0000103324647171295, 0.000182243877977356, 0.00321441514386825

6.05283513102228E-12, 1.06759827130727E-10, 1.88302843911389E-9
1.06759827130727E-10, 1.88302843911389E-9, 3.32128310602255E-8
1.88302843911389E-9, 3.32128310602255E-8, 5.85807481247691E-7

1.06759827130727E-10, 1.88302843911389E-9, 3.32128310602255E-8
1.88302843911389E-9, 3.32128310602255E-8, 5.85807481247691E-7
3.32128310602255E-8, 5.85807481247691E-7, 0.0000103324647171295

1.88302843911389E-9, 3.32128310602255E-8, 5.85807481247691E-7
3.32128310602255E-8, 5.85807481247691E-7, 0.0000103324647171295
5.85807481247691E-7, 0.0000103324647171295, 0.000182243877977356

1.06759827130727E-10, 1.88302843911389E-9, 3.32128310602255E-8
1.88302843911389E-9, 3.32128310602255E-8, 5.85807481247691E-7
3.32128310602255E-8, 5.85807481247691E-7, 0.0000103324647171295

1.88302843911389E-9, 3.32128310602255E-8, 5.85807481247691E-7
3.32128310602255E-8, 5.85807481247691E-7, 0.0000103324647171295
5.85807481247691E-7, 0.0000103324647171295, 0.000182243877977356

3.32128310602255E-8, 5.85807481247691E-7, 0.0000103324647171295
5.85807481247691E-7, 0.0000103324647171295, 0.000182243877977356
0.0000103324647171295, 0.000182243877977356, 0.00321441514386825

1.88302843911389E-9, 3.32128310602255E-8, 5.85807481247691E-7
3.32128310602255E-8, 5.85807481247691E-7, 0.0000103324647171295
5.85807481247691E-7, 0.0000103324647171295, 0.000182243877977356

3.32128310602255E-8, 5.85807481247691E-7, 0.0000103324647171295
5.85807481247691E-7, 0.0000103324647171295, 0.000182243877977356
0.0000103324647171295, 0.000182243877977356, 0.00321441514386825

5.85807481247691E-7, 0.0000103324647171295, 0.000182243877977356
0.0000103324647171295, 0.000182243877977356, 0.00321441514386825
0.000182243877977356, 0.00321441514386825, 0.0566958124015191

1.06759827130727E-10, 1.88302843911389E-9, 3.32128310602255E-8
1.88302843911389E-9, 3.32128310602255E-8, 5.85807481247691E-7
3.32128310602255E-8, 5.85807481247691E-7, 0.0000103324647171295

1.88302843911389E-9, 3.32128310602255E-8, 5.85807481247691E-7
3.32128310602255E-8, 5.85807481247691E-7, 0.0000103324647171295
5.85807481247691E-7, 0.0000103324647171295, 0.000182243877977356

3.32128310602255E-8, 5.85807481247691E-7, 0.0000103324647171295
5.85807481247691E-7, 0.0000103324647171295, 0.000182243877977356
0.0000103324647171295, 0.000182243877977356, 0.00321441514386825

1.88302843911389E-9, 3.32128310602255E-8, 5.85807481247691E-7
3.32128310602255E-8, 5.85807481247691E-7, 0.0000103324647171295
5.85807481247691E-7, 0.0000103324647171295, 0.000182243877977356

3.32128310602255E-8, 5.85807481247691E-7, 0.0000103324647171295
5.85807481247691E-7, 0.0000103324647171295, 0.000182243877977356
0.0000103324647171295, 0.000182243877977356, 0.00321441514386825

5.85807481247691E-7, 0.0000103324647171295, 0.000182243877977356
0.0000103324647171295, 0.000182243877977356, 0.00321441514386825
0.000182243877977356, 0.00321441514386825, 0.0566958124015191

3.32128310602255E-8, 5.85807481247691E-7, 0.0000103324647171295
5.85807481247691E-7, 0.0000103324647171295, 0.000182243877977356
0.0000103324647171295, 0.000182243877977356, 0.00321441514386825

5.85807481247691E-7, 0.0000103324647171295, 0.000182243877977356
0.0000103324647171295, 0.000182243877977356, 0.00321441514386825
0.000182243877977356, 0.00321441514386825, 0.0566958124015191

0.0000103324647171295, 0.000182243877977356, 0.00321441514386825
0.000182243877977356, 0.00321441514386825, 0.0566958124015191
0.00321441514386825, 0.0566958124015191, 1.00000000000000
 