Attribute names:	P0	P1	P2	P3	P4
Minor allele frequencies:	0.200	0.200	0.200	0.200	0.200
x: 1.11712256269964e-10
y: 8.88985485012287
Prevalence: 3.05758017366673e-6
Heritability: 0.0500000000000000

Table:

1.11712256269964E-10, 1.10481799948967E-9, 1.09264896507560E-8
1.10481799948967E-9, 1.09264896507560E-8, 1.08061396667347E-7
1.09264896507560E-8, 1.08061396667347E-7, 0.00000106871152794161

1.10481799948967E-9, 1.09264896507560E-8, 1.08061396667347E-7
1.09264896507560E-8, 1.08061396667347E-7, 0.00000106871152794161
1.08061396667347E-7, 0.00000106871152794161, 0.0000105694018879956

1.09264896507560E-8, 1.08061396667347E-7, 0.00000106871152794161
1.08061396667347E-7, 0.00000106871152794161, 0.0000105694018879956
0.00000106871152794161, 0.0000105694018879956, 0.000104529850524891

1.10481799948967E-9, 1.09264896507560E-8, 1.08061396667347E-7
1.09264896507560E-8, 1.08061396667347E-7, 0.00000106871152794161
1.08061396667347E-7, 0.00000106871152794161, 0.0000105694018879956

1.09264896507560E-8, 1.08061396667347E-7, 0.00000106871152794161
1.08061396667347E-7, 0.00000106871152794161, 0.0000105694018879956
0.00000106871152794161, 0.0000105694018879956, 0.000104529850524891

1.08061396667347E-7, 0.00000106871152794161, 0.0000105694018879956
0.00000106871152794161, 0.0000105694018879956, 0.000104529850524891
0.0000105694018879956, 0.000104529850524891, 0.00103378504919621

1.09264896507560E-8, 1.08061396667347E-7, 0.00000106871152794161
1.08061396667347E-7, 0.00000106871152794161, 0.0000105694018879956
0.00000106871152794161, 0.0000105694018879956, 0.000104529850524891

1.08061396667347E-7, 0.00000106871152794161, 0.0000105694018879956
0.00000106871152794161, 0.0000105694018879956, 0.000104529850524891
0.0000105694018879956, 0.000104529850524891, 0.00103378504919621

0.00000106871152794161, 0.0000105694018879956, 0.000104529850524891
0.0000105694018879956, 0.000104529850524891, 0.00103378504919621
0.000104529850524891, 0.00103378504919621, 0.0102239840827776

1.10481799948967E-9, 1.09264896507560E-8, 1.08061396667347E-7
1.09264896507560E-8, 1.08061396667347E-7, 0.00000106871152794161
1.08061396667347E-7, 0.00000106871152794161, 0.0000105694018879956

1.09264896507560E-8, 1.08061396667347E-7, 0.00000106871152794161
1.08061396667347E-7, 0.00000106871152794161, 0.0000105694018879956
0.00000106871152794161, 0.0000105694018879956, 0.000104529850524891

1.08061396667347E-7, 0.00000106871152794161, 0.0000105694018879956
0.00000106871152794161, 0.0000105694018879956, 0.000104529850524891
0.0000105694018879956, 0.000104529850524891, 0.00103378504919621

1.09264896507560E-8, 1.08061396667347E-7, 0.00000106871152794161
1.08061396667347E-7, 0.00000106871152794161, 0.0000105694018879956
0.00000106871152794161, 0.0000105694018879956, 0.000104529850524891

1.08061396667347E-7, 0.00000106871152794161, 0.0000105694018879956
0.00000106871152794161, 0.0000105694018879956, 0.000104529850524891
0.0000105694018879956, 0.000104529850524891, 0.00103378504919621

0.00000106871152794161, 0.0000105694018879956, 0.000104529850524891
0.0000105694018879956, 0.000104529850524891, 0.00103378504919621
0.000104529850524891, 0.00103378504919621, 0.0102239840827776

1.08061396667347E-7, 0.00000106871152794161, 0.0000105694018879956
0.00000106871152794161, 0.0000105694018879956, 0.000104529850524891
0.0000105694018879956, 0.000104529850524891, 0.00103378504919621

0.00000106871152794161, 0.0000105694018879956, 0.000104529850524891
0.0000105694018879956, 0.000104529850524891, 0.00103378504919621
0.000104529850524891, 0.00103378504919621, 0.0102239840827776

0.0000105694018879956, 0.000104529850524891, 0.00103378504919621
0.000104529850524891, 0.00103378504919621, 0.0102239840827776
0.00103378504919621, 0.0102239840827776, 0.101113718568638

1.09264896507560E-8, 1.08061396667347E-7, 0.00000106871152794161
1.08061396667347E-7, 0.00000106871152794161, 0.0000105694018879956
0.00000106871152794161, 0.0000105694018879956, 0.000104529850524891

1.08061396667347E-7, 0.00000106871152794161, 0.0000105694018879956
0.00000106871152794161, 0.0000105694018879956, 0.000104529850524891
0.0000105694018879956, 0.000104529850524891, 0.00103378504919621

0.00000106871152794161, 0.0000105694018879956, 0.000104529850524891
0.0000105694018879956, 0.000104529850524891, 0.00103378504919621
0.000104529850524891, 0.00103378504919621, 0.0102239840827776

1.08061396667347E-7, 0.00000106871152794161, 0.0000105694018879956
0.00000106871152794161, 0.0000105694018879956, 0.000104529850524891
0.0000105694018879956, 0.000104529850524891, 0.00103378504919621

0.00000106871152794161, 0.0000105694018879956, 0.000104529850524891
0.0000105694018879956, 0.000104529850524891, 0.00103378504919621
0.000104529850524891, 0.00103378504919621, 0.0102239840827776

0.0000105694018879956, 0.000104529850524891, 0.00103378504919621
0.000104529850524891, 0.00103378504919621, 0.0102239840827776
0.00103378504919621, 0.0102239840827776, 0.101113718568638

0.00000106871152794161, 0.0000105694018879956, 0.000104529850524891
0.0000105694018879956, 0.000104529850524891, 0.00103378504919621
0.000104529850524891, 0.00103378504919621, 0.0102239840827776

0.0000105694018879956, 0.000104529850524891, 0.00103378504919621
0.000104529850524891, 0.00103378504919621, 0.0102239840827776
0.00103378504919621, 0.0102239840827776, 0.101113718568638

0.000104529850524891, 0.00103378504919621, 0.0102239840827776
0.00103378504919621, 0.0102239840827776, 0.101113718568638
0.0102239840827776, 0.101113718568638, 1.00000000000000
 